N107_BC04	N107_BC06	98.63	2842595	1354	99.9523674670504	97.90	2821675	307	99.9891199376257
N107_BC04	N110_BC10	89.83	2687161	10052	99.6259249073651	84.56	2529541	2170	99.9142136854077
N107_BC04	N110_BC11	89.11	2737141	9772	99.6429851439878	84.14	2584521	2140	99.9171993572503
N107_BC04	N110_BC12	89.59	2678654	9737	99.6364965389334	84.52	2527154	2161	99.914488788574
N107_BC04	N154_BC05	91.10	2527143	9198	99.6360316768778	85.73	2378043	1742	99.9267464886043
N107_BC04	N155_BC04	88.02	2617344	10539	99.5973398987676	82.24	2445364	1939	99.9207071012741
N107_BC04	N156_BC10	89.42	2707316	10336	99.6182196684835	84.07	2545316	2235	99.9121916492883
N107_BC04	N157_BC10	93.28	2778766	8056	99.7100871393993	88.81	2645606	1397	99.9471954629677
N107_BC04	N160_BC03	97.14	2833656	1505	99.946888401415	96.35	2810596	351	99.9875115455939
N107_BC04	N160_BC12	89.61	2565289	10023	99.6092837882983	83.89	2401629	1839	99.9234269739414
N107_BC04	N161_BC09	96.01	2852360	3851	99.8649889915719	94.07	2794720	968	99.9653632564264
N107_BC04	N162_BC02	93.81	2755976	8771	99.6817461400244	88.87	2610776	1510	99.9421627899138
N107_BC04	N163_BC02	89.17	2665541	8371	99.6859549337264	84.71	2532201	1703	99.9327462551354
N107_BC04	N171_BC07	91.75	2742339	4804	99.8248210742727	89.06	2661999	786	99.9704733172327
N107_BC04	N173_BC09	96.44	2850358	1457	99.948883613918	95.67	2827698	323	99.9885772808836
N107_BC04	N173_BC11	93.35	2689689	4339	99.8386802340345	90.83	2617169	712	99.972795031578
N107_BC04	N179_BC08	92.78	2868892	8944	99.6882420112015	88.00	2721112	1554	99.942890994564
N107_BC04	N179_BC09	93.26	2713307	8072	99.7025032552527	88.73	2581587	1485	99.942477243649
N107_BC04	N179_BC10	93.05	2780267	7954	99.713912368848	88.66	2649067	1393	99.9474154485334
N107_BC04	N181_BC01	89.43	2719926	10238	99.6235927006838	84.18	2560146	2248	99.912192507771
N107_BC04	N181_BC02	89.48	2750840	9744	99.6457809250992	84.60	2600680	2235	99.9140609379085
N107_BC04	N185_BC10	90.39	2524753	9987	99.6044365528034	84.79	2368353	2166	99.908544038832
N107_BC04	N185_BC11	93.27	2716722	4412	99.8375983998363	90.75	2643382	744	99.9718542382448
N107_BC04	N189_BC09	93.68	2689289	8493	99.684191620908	88.80	2549269	1491	99.9415126453897
N107_BC04	N190_BC04	91.38	2557466	9101	99.6441399416454	86.16	2411486	1801	99.9253157596602
N107_BC04	N193_BC02	93.91	2732794	4561	99.8331012143616	91.31	2657254	783	99.9705334905884
N107_BC04	N196_BC02	93.50	2679240	4389	99.8361848882519	90.96	2606340	743	99.9714925911431
N107_BC04	N197_BC10	89.14	2735739	8813	99.6778566961249	84.40	2590399	1545	99.9403566786429
N107_BC04	N198_BC05	93.75	2735130	8167	99.7014035895917	89.15	2600790	1449	99.9442861592055
N107_BC04	N205_BC05	97.11	2804206	1778	99.9365952430028	96.17	2777146	424	99.9847325275661
N107_BC04	N208_BC08	93.66	2714356	10234	99.6229676578901	88.14	2554356	2233	99.9125807052737
N107_BC04	N226_BC04	91.02	2599612	8784	99.6621034215875	86.09	2458872	1746	99.9289918304003
N107_BC04	N226_BC06	89.99	2575004	9590	99.6275733940607	84.79	2426264	2152	99.9113039636247
N107_BC04	N226_BC07	89.76	2546098	9873	99.6122301655317	84.30	2391258	2130	99.9109255463024
N107_BC04	N226_BC08	89.47	2573648	9901	99.6152931558628	84.09	2418908	2163	99.910579484627
N107_BC04	N226_BC12	89.48	2747547	10117	99.6317806392393	84.36	2590307	2254	99.9129832873092
N107_BC04	N229_BC11	81.66	2139477	103265	95.1733531138685	10.14	265677	9574	96.3963760506179
N107_BC04	N229_BC12	77.62	2238118	104020	95.3523451399792	12.49	359998	10113	90
N107_BC04	N233_BC11	80.64	2221055	102521	95.3841305145528	13.35	367695	9852	97.3206053930568
N107_BC04	N233_BC12	78.13	2235557	104185	95.3396401881052	12.41	355077	10160	90
N107_BC04	N237_BC09	89.55	2750599	10271	99.6265904263035	84.32	2589939	2237	99.9136273093691
N107_BC04	N238_BC05	94.18	2342168	15330	99.3454782065164	85.62	2129168	4679	99.7802427990652
N107_BC06	N110_BC10	94.38	2719851	11422	99.5800505248265	88.12	2539531	2405	99.9052974742187
N107_BC06	N110_BC11	94.39	2720304	10804	99.6028385062846	88.55	2551964	2386	99.9065033832766
N107_BC06	N110_BC12	93.81	2703524	10705	99.6040353257452	88.04	2537304	2393	99.9056872964375
N107_BC06	N154_BC05	91.84	2547745	8694	99.6587570577118	86.89	2410385	1825	99.9242859543185
N107_BC06	N155_BC04	90.02	2594220	8543	99.6706909976795	85.36	2459960	1829	99.9256491975479
N107_BC06	N156_BC10	94.69	2728944	11395	99.5824392145826	88.50	2550624	2478	99.9028473032481
N107_BC06	N157_BC10	95.66	2756883	8783	99.681415569685	90.68	2613223	1599	99.9388111921562
N107_BC06	N160_BC03	100.00	2881926	454	99.9842466461665	99.79	2875866	150	99.9947841797914
N107_BC06	N160_BC12	88.87	2544056	8465	99.667263613694	84.22	2411016	1812	99.9248449616261
N107_BC06	N161_BC09	97.92	2821945	3080	99.8908554206407	96.43	2778925	928	99.966605791808
N107_BC06	N162_BC02	95.96	2765456	9092	99.6712296272296	90.81	2617056	1671	99.9361496276732
N107_BC06	N163_BC02	94.07	2711020	8140	99.6997440077904	89.67	2584160	1796	99.9304996594638
N107_BC06	N171_BC07	95.78	2760299	3965	99.8563561411282	93.53	2695399	719	99.973324914048
N107_BC06	N173_BC09	100.00	2881922	362	99.9874389383196	99.84	2877402	135	99.9953082676665
N107_BC06	N173_BC11	95.78	2760407	3776	99.8632085775757	93.64	2698647	687	99.9745427986691
N107_BC06	N179_BC08	95.31	2746868	8896	99.6761402440889	90.30	2602488	1676	99.9356000873011
N107_BC06	N179_BC09	95.36	2748267	8305	99.6978095650823	90.77	2616007	1691	99.9353595001848
N107_BC06	N179_BC10	96.02	2767284	8691	99.6859375474292	91.12	2626084	1630	99.9379303936965
N107_BC06	N181_BC01	94.48	2722799	11806	99.5664020737484	88.06	2537759	2553	99.8993994307576
N107_BC06	N181_BC02	94.47	2722727	11144	99.5907044665146	88.45	2549287	2471	99.9030709370895
N107_BC06	N185_BC10	90.99	2541470	9697	99.6184491652469	85.67	2392970	2271	99.9050970133349
N107_BC06	N185_BC11	95.78	2760240	3960	99.8565342144161	93.52	2695200	707	99.973768180469
N107_BC06	N189_BC09	94.51	2723615	9432	99.6536955480125	89.16	2569495	1725	99.932866185768
N107_BC06	N190_BC04	92.05	2576230	8533	99.6687795732524	87.29	2443110	1876	99.9232126265293
N107_BC06	N193_BC02	95.50	2752258	3872	99.8593155147519	93.32	2689378	727	99.9729677271101
N107_BC06	N196_BC02	95.80	2760914	3958	99.8566416773576	93.55	2695954	709	99.9737013316993
N107_BC06	N197_BC10	94.61	2726721	9583	99.6485522354506	89.20	2570761	1784	99.9306042063031
N107_BC06	N198_BC05	95.41	2749638	9081	99.6697383437383	90.28	2601878	1692	99.9349700485572
N107_BC06	N205_BC05	99.83	2877103	715	99.9751486130319	99.50	2867683	243	99.9915262600503
N107_BC06	N208_BC08	94.35	2719183	12258	99.549202830409	87.58	2524083	2502	99.9008748919905
N107_BC06	N226_BC04	91.74	2620252	8298	99.6833129027284	87.21	2490952	1832	99.9264538216714
N107_BC06	N226_BC06	90.55	2591088	9658	99.6272608263401	85.37	2442888	2247	99.9080187057286
N107_BC06	N226_BC07	90.34	2562366	9734	99.62011672025	85.08	2413106	2270	99.9059303652637
N107_BC06	N226_BC08	90.02	2589427	9842	99.6199159118987	84.78	2438587	2299	99.9057240935017
N107_BC06	N226_BC12	93.89	2706008	11695	99.5678135467449	87.54	2522948	2541	99.8992844878293
N107_BC06	N229_BC11	82.54	2162453	104492	95.1678949785267	10.35	271273	9932	96.3387436272685
N107_BC06	N229_BC12	77.64	2237639	104659	95.3227933549603	12.25	352939	10423	90
N107_BC06	N233_BC11	81.47	2243822	103569	95.3842595357386	13.69	377082	10231	97.2867970361884
N107_BC06	N233_BC12	77.66	2238040	104805	95.317107826491	12.18	351060	10455	90
N107_BC06	N237_BC09	94.46	2722420	11687	99.5707128216807	88.10	2539180	2524	99.9005978307958
N107_BC06	N238_BC05	94.46	2348990	15433	99.342994223049	86.00	2138570	4911	99.7703605680431
N110_BC10	N110_BC11	99.59	2979196	1043	99.9649905544986	99.05	2962996	232	99.9921700873035
N110_BC10	N110_BC12	99.53	2975805	961	99.9677062173093	99.05	2961345	237	99.9919968797962
N110_BC10	N154_BC05	90.54	2511472	10084	99.5984824835794	85.01	2358012	2410	99.8977952614321
N110_BC10	N155_BC04	85.99	2557155	10023	99.6080409674032	80.91	2405955	2462	99.897670571561
N110_BC10	N156_BC10	99.87	2987628	1033	99.9654240755543	99.37	2972808	291	99.9902112749966
N110_BC10	N157_BC10	96.29	2868687	5347	99.8136081071236	93.75	2793067	1565	99.9439684046247
N110_BC10	N160_BC03	93.08	2715077	11066	99.5924240822636	87.12	2541277	2375	99.9065430490261
N110_BC10	N160_BC12	87.67	2509653	9671	99.6146479214457	82.60	2364533	2414	99.8979079589923
N110_BC10	N161_BC09	92.71	2754432	11254	99.5914221153399	86.83	2579872	2525	99.9021269272274
N110_BC10	N162_BC02	96.25	2827775	6302	99.7771392702743	93.07	2734455	1635	99.9402074636445
N110_BC10	N163_BC02	92.74	2772143	10987	99.6036640245471	87.13	2604563	2607	99.8999064334401
N110_BC10	N171_BC07	87.81	2624697	9949	99.6209467226122	82.68	2471397	2283	99.9076230973818
N110_BC10	N173_BC09	92.36	2729629	11015	99.5964653071901	86.50	2556469	2356	99.9078416362569
N110_BC10	N173_BC11	90.05	2594781	9615	99.6294484968096	84.95	2447701	2260	99.9076684611397
N110_BC10	N179_BC08	94.51	2922435	5551	99.8100556556433	91.96	2843515	1604	99.9435909428999
N110_BC10	N179_BC09	96.14	2796882	5626	99.7988474308176	93.41	2717522	1657	99.9390253326376
N110_BC10	N179_BC10	96.30	2877453	5153	99.8209180132569	93.90	2805613	1560	99.9443971780855
N110_BC10	N181_BC01	99.70	2982539	755	99.9746859974002	99.35	2971939	224	99.9924628331874
N110_BC10	N181_BC02	99.70	2982483	698	99.9765966813558	99.36	2972383	192	99.9935405363306
N110_BC10	N185_BC10	90.16	2518346	10107	99.598665155622	84.96	2373066	2842	99.8802393190918
N110_BC10	N185_BC11	89.82	2616429	9851	99.6234944651661	84.61	2464569	2257	99.9084221216772
N110_BC10	N189_BC09	95.84	2751276	5530	99.7990023538169	93.11	2672976	1614	99.9396178641335
N110_BC10	N190_BC04	91.00	2546946	9768	99.6164818570947	85.80	2401286	2484	99.8965554290493
N110_BC10	N193_BC02	90.83	2643217	9766	99.6305259840565	85.67	2493037	2256	99.9095079615746
N110_BC10	N196_BC02	90.29	2587334	10039	99.6119944313336	84.88	2432334	2288	99.9059339712392
N110_BC10	N197_BC10	92.03	2753210	6224	99.7739366049085	89.01	2662770	1701	99.9361191541139
N110_BC10	N198_BC05	95.87	2796927	5092	99.8179430496398	93.43	2725887	1539	99.9435413133413
N110_BC10	N205_BC05	93.01	2685708	11341	99.5777277351075	86.82	2506988	2404	99.9041080372144
N110_BC10	N208_BC08	99.59	2886070	1483	99.9486152449525	98.84	2864390	398	99.9861052440485
N110_BC10	N226_BC04	90.41	2582168	9429	99.6348417298952	85.44	2440108	2325	99.9047173321837
N110_BC10	N226_BC06	89.76	2568359	9605	99.6260258009102	84.98	2431539	2763	99.886368263063
N110_BC10	N226_BC07	89.54	2539849	10031	99.6050552611592	84.44	2395149	2795	99.8833057985119
N110_BC10	N226_BC08	89.31	2569091	10224	99.6020382306427	84.17	2421231	2830	99.8831173068575
N110_BC10	N226_BC12	99.51	3055472	700	99.9770902826143	99.19	3045552	203	99.9933345416529
N110_BC10	N229_BC11	81.25	2128652	103137	95.1548209852996	9.57	250712	9239	96.3148951785315
N110_BC10	N229_BC12	76.15	2195497	103416	95.2896314593006	11.17	321997	9740	90
N110_BC10	N233_BC11	80.37	2213646	103251	95.3357040827666	12.39	341346	9635	97.1773508404962
N110_BC10	N233_BC12	76.81	2197608	103295	95.2996621781501	11.40	326088	9718	90
N110_BC10	N237_BC09	99.68	2982039	723	99.9757548442525	99.34	2971819	211	99.9928999713643
N110_BC10	N238_BC05	94.85	2358828	12247	99.4808014827703	88.10	2190868	3848	99.8243618511019
N110_BC11	N110_BC12	99.74	2982222	682	99.9771311458369	99.38	2971362	138	99.9953556651798
N110_BC11	N154_BC05	91.07	2526160	9860	99.6096842638629	85.71	2377520	2427	99.8979188397995
N110_BC11	N155_BC04	86.28	2565572	9731	99.6207083644505	81.39	2420032	2453	99.8986377039642
N110_BC11	N156_BC10	99.87	3029893	702	99.9768308649844	99.54	3019813	197	99.9934764172483
N110_BC11	N157_BC10	96.31	2869090	4970	99.8267743430844	93.97	2799510	1490	99.9467764001557
N110_BC11	N160_BC03	93.09	2715459	10865	99.5998834819454	87.28	2546039	2393	99.9060108662907
N110_BC11	N160_BC12	87.93	2517254	9582	99.6193471139583	82.93	2374134	2425	99.8978574924583
N110_BC11	N161_BC09	92.71	2754455	11141	99.5955279719581	86.91	2582235	2529	99.9020615861841
N110_BC11	N162_BC02	96.26	2828174	5900	99.7913848299291	93.35	2742794	1630	99.9405715485742
N110_BC11	N163_BC02	93.07	2781936	10775	99.6126798028423	87.59	2618276	2591	99.9010417541924
N110_BC11	N171_BC07	88.09	2632977	9738	99.6301524851907	83.12	2484377	2307	99.907139697397
N110_BC11	N173_BC09	92.36	2729702	10842	99.6028137869995	86.65	2560982	2405	99.9060907105165
N110_BC11	N173_BC11	90.34	2603108	9397	99.6390084468259	85.39	2460608	2271	99.9077057377689
N110_BC11	N179_BC08	94.67	2927304	5204	99.8222255016903	92.30	2854144	1545	99.9458681832451
N110_BC11	N179_BC09	96.16	2797566	5253	99.8122296310436	93.66	2724946	1621	99.9405125826347
N110_BC11	N179_BC10	96.32	2878033	4859	99.8311694132764	94.06	2810653	1489	99.9470229871848
N110_BC11	N181_BC01	100.00	3033778	483	99.9840792569529	99.77	3026798	133	99.9956059175406
N110_BC11	N181_BC02	100.00	3033778	513	99.9830903909251	99.77	3026658	156	99.9948458002193
N110_BC11	N185_BC10	90.47	2526945	9932	99.6069562257983	85.42	2385765	2872	99.8796193254575
N110_BC11	N185_BC11	90.11	2624684	9658	99.6320318941252	85.03	2476644	2255	99.908949368581
N110_BC11	N189_BC09	96.16	2760477	5260	99.8094532213092	93.59	2686637	1567	99.9416742939221
N110_BC11	N190_BC04	91.28	2554854	9539	99.6266322850543	86.23	2413634	2477	99.8973746640957
N110_BC11	N193_BC02	91.12	2651533	9522	99.6408869887722	86.13	2506253	2257	99.9099452449533
N110_BC11	N196_BC02	90.58	2595612	9824	99.6215150800659	85.33	2445252	2305	99.9057356869558
N110_BC11	N197_BC10	91.64	2812533	5842	99.7922868816117	88.91	2728793	1654	99.9393871209725
N110_BC11	N198_BC05	96.19	2806223	4848	99.8272410995135	93.89	2739163	1494	99.9454577913034
N110_BC11	N205_BC05	93.02	2686041	11118	99.5860822675454	86.97	2511201	2375	99.9054237394776
N110_BC11	N208_BC08	99.91	2895535	1168	99.959662031369	99.35	2879295	355	99.987670592975
N110_BC11	N226_BC04	90.68	2589941	9318	99.64022346455	85.79	2450161	2328	99.9049858356247
N110_BC11	N226_BC06	90.03	2576164	9738	99.6219961151542	85.22	2438524	2855	99.8829209800683
N110_BC11	N226_BC07	89.85	2548426	9815	99.614860309854	84.90	2408066	2796	99.8838902256001
N110_BC11	N226_BC08	89.61	2577675	9983	99.6127130068763	84.66	2435255	2861	99.8825174365723
N110_BC11	N226_BC12	99.87	3066532	380	99.9876081514884	99.69	3060972	101	99.9967003945152
N110_BC11	N229_BC11	81.63	2138558	104041	95.1349928316183	9.58	250958	9660	96.1507503247555
N110_BC11	N229_BC12	76.48	2205221	104340	95.2685014336432	11.16	321741	10165	90
N110_BC11	N233_BC11	80.73	2223442	104195	95.3137972566858	12.37	340662	10055	97.0483940093113
N110_BC11	N233_BC12	77.15	2207449	104180	95.2805251672859	11.42	326789	10146	90
N110_BC11	N237_BC09	99.98	3033281	381	99.9874393437337	99.80	3027821	107	99.996466105493
N110_BC11	N238_BC05	95.18	2367021	12026	99.4919352215295	88.67	2205021	3925	99.8219971601177
N110_BC12	N154_BC05	90.29	2504595	9718	99.6119931565782	85.04	2359095	2442	99.8964857286375
N110_BC12	N155_BC04	85.52	2543068	9524	99.6254917288881	80.81	2402888	2514	99.8953758976698
N110_BC12	N156_BC10	99.87	2985976	674	99.9774278158967	99.54	2976216	185	99.9937840533079
N110_BC12	N157_BC10	95.73	2851909	4813	99.8312358493907	93.52	2786189	1526	99.9452298462165
N110_BC12	N160_BC03	92.51	2698594	11589	99.5705541478266	86.27	2516674	2492	99.9009804209842
N110_BC12	N160_BC12	87.18	2495833	9484	99.620006627046	82.28	2355613	2472	99.895059162944
N110_BC12	N161_BC09	92.12	2736997	11064	99.5957613398919	86.39	2566697	2548	99.9007284459366
N110_BC12	N162_BC02	95.69	2811234	5693	99.7974910662008	92.94	2730414	1651	99.9395329792478
N110_BC12	N163_BC02	92.66	2770400	10717	99.6131605544326	87.25	2608560	2624	99.8994081025547
N110_BC12	N171_BC07	87.44	2614443	9721	99.6281808400489	82.49	2466463	2321	99.9058976356021
N110_BC12	N173_BC09	91.75	2711860	10893	99.59831997227	86.02	2542400	2419	99.9048536815607
N110_BC12	N173_BC11	89.60	2581588	9729	99.6231389361897	84.44	2432808	2289	99.9059111939783
N110_BC12	N179_BC08	93.94	2904804	4979	99.8285942872565	91.74	2836764	1576	99.9444437394158
N110_BC12	N179_BC09	95.57	2780509	5236	99.8116891547555	93.09	2708309	1625	99.9399994609182
N110_BC12	N179_BC10	95.75	2860933	4711	99.8353334384273	93.61	2797093	1518	99.9457293697421
N110_BC12	N181_BC01	99.85	2985487	467	99.9843576609109	99.64	2979067	145	99.9951327042997
N110_BC12	N181_BC02	99.85	2985482	479	99.9839556895671	99.63	2978922	150	99.9949646214302
N110_BC12	N185_BC10	89.70	2505497	10064	99.5983232069326	84.55	2361717	2874	99.8783088744333
N110_BC12	N185_BC11	89.37	2603210	9729	99.6262691062189	84.25	2454030	2269	99.9075398426262
N110_BC12	N189_BC09	95.36	2737521	5102	99.8136270004869	92.90	2666961	1573	99.9410190100268
N110_BC12	N190_BC04	90.52	2533488	9484	99.6256544337293	85.53	2393848	2501	99.8955238594932
N110_BC12	N193_BC02	90.32	2628306	9928	99.6222662049244	85.09	2476046	2314	99.9065445472338
N110_BC12	N196_BC02	89.83	2574158	9827	99.6182441015664	84.58	2423658	2301	99.9050608625474
N110_BC12	N197_BC10	91.84	2745887	5717	99.7917976959722	89.13	2664867	1665	99.9375203340354
N110_BC12	N198_BC05	95.45	2784862	4843	99.8260955120936	93.17	2718422	1520	99.9440852082569
N110_BC12	N205_BC05	92.44	2669269	11100	99.584155811947	86.43	2495769	2424	99.9028756267106
N110_BC12	N208_BC08	99.18	2874340	1135	99.9605126742139	98.62	2858000	317	99.9889083275017
N110_BC12	N226_BC04	89.66	2560791	9187	99.6412436626027	84.87	2423851	2339	99.9035006689768
N110_BC12	N226_BC06	89.28	2554667	9812	99.6159186304908	84.42	2415507	2853	99.8818881501896
N110_BC12	N226_BC07	89.09	2526932	9831	99.6109511454998	84.13	2386352	2801	99.882624189558
N110_BC12	N226_BC08	88.86	2556211	9965	99.6101652015424	83.93	2414291	2868	99.8812073606703
N110_BC12	N226_BC12	99.27	2968136	378	99.9872647345	99.08	2962576	99	99.9966583135758
N110_BC12	N229_BC11	80.81	2117311	103104	95.1304272258539	9.35	245011	9488	96.1275208051883
N110_BC12	N229_BC12	75.75	2184000	103356	95.2675824175824	10.97	316360	9973	90
N110_BC12	N233_BC11	79.95	2201989	102853	95.3290865667358	12.41	341689	9837	90
N110_BC12	N233_BC12	76.41	2186213	103370	95.2717324432706	11.14	318633	9990	90
N110_BC12	N237_BC09	99.83	2984986	395	99.9867671071154	99.64	2979186	104	99.9965091135632
N110_BC12	N238_BC05	94.31	2345247	11937	99.4910131001127	87.85	2184707	3909	99.8210744049431
N154_BC05	N155_BC04	99.99	2773632	863	99.9688855623241	99.57	2762012	281	99.9898262570908
N154_BC05	N156_BC10	91.10	2527044	9789	99.6126304092845	85.87	2381884	2530	99.8937815611507
N154_BC05	N157_BC10	92.50	2565994	8487	99.6692509803218	87.56	2428854	1629	99.9329313330484
N154_BC05	N160_BC03	91.85	2547927	9017	99.6461044606066	86.72	2405727	1906	99.9207723902172
N154_BC05	N160_BC12	98.36	2728512	959	99.9648526376281	97.85	2714452	255	99.9906058386739
N154_BC05	N161_BC09	90.08	2498880	10119	99.5950585862466	84.34	2339580	2153	99.9079749356722
N154_BC05	N162_BC02	92.79	2574007	9121	99.6456497593052	87.43	2425227	1681	99.9306869006489
N154_BC05	N163_BC02	91.77	2545681	8589	99.6626050161037	86.58	2401781	1393	99.9420013731477
N154_BC05	N171_BC07	92.80	2574359	7334	99.7151135486542	88.72	2461059	1668	99.9322242985642
N154_BC05	N173_BC09	91.87	2548504	8947	99.6489312945948	86.76	2406624	1852	99.9230457271265
N154_BC05	N173_BC11	92.58	2568281	7288	99.7162304280567	88.52	2455781	1662	99.9323229555078
N154_BC05	N179_BC08	92.82	2574760	8946	99.6525501405956	87.60	2429920	1703	99.9299153881609
N154_BC05	N179_BC09	92.19	2557372	8886	99.6525339293619	87.00	2413512	1692	99.9298946928791
N154_BC05	N179_BC10	92.87	2576272	8366	99.6752672078104	88.00	2441072	1605	99.9342501982735
N154_BC05	N181_BC01	91.14	2528127	9709	99.6159607488073	85.94	2383807	2492	99.8954613355863
N154_BC05	N181_BC02	91.14	2528331	9665	99.6177320137276	85.96	2384591	2477	99.8961247442434
N154_BC05	N185_BC10	96.42	2674675	3346	99.8749006888687	94.77	2628775	1050	99.9600574412036
N154_BC05	N185_BC11	92.61	2568911	7366	99.7132637136904	88.52	2455351	1687	99.9312929190165
N154_BC05	N189_BC09	92.00	2552156	8476	99.6678886400361	87.07	2415476	1641	99.9320630799064
N154_BC05	N190_BC04	99.92	2796631	844	99.9698208308497	99.56	2786491	336	99.9879418236054
N154_BC05	N193_BC02	92.31	2560773	7487	99.7076273453367	88.11	2444273	1661	99.9320452338998
N154_BC05	N196_BC02	92.60	2568744	7380	99.7127000588614	88.48	2454564	1670	99.9319634770167
N154_BC05	N197_BC10	91.41	2535632	9086	99.6416672450892	86.11	2388592	1733	99.9274467971089
N154_BC05	N198_BC05	92.74	2572509	8298	99.6774355308378	87.92	2438809	1612	99.9339021629
N154_BC05	N205_BC05	91.67	2542904	9200	99.6382089139032	86.42	2397264	1917	99.920033838576
N154_BC05	N208_BC08	90.89	2521176	10243	99.5937213427385	85.28	2365636	2465	99.8957996919222
N154_BC05	N226_BC04	99.19	2833158	724	99.9744454774495	98.85	2823478	239	99.9915352625379
N154_BC05	N226_BC06	96.40	2674112	3172	99.881381183735	94.84	2630812	1006	99.9617608555837
N154_BC05	N226_BC07	96.38	2673557	3228	99.8792619719722	94.76	2628657	982	99.9626425204962
N154_BC05	N226_BC08	96.23	2669374	3271	99.8774619067991	94.63	2624934	1048	99.9600751866523
N154_BC05	N226_BC12	90.54	2511666	9590	99.6181817168365	85.40	2369066	2459	99.8962038204085
N154_BC05	N229_BC11	81.71	2140651	103377	95.1707681448307	10.05	263371	9512	96.3883647022641
N154_BC05	N229_BC12	79.38	2201956	103869	95.2828757704514	11.69	324176	9979	90
N154_BC05	N233_BC11	80.62	2220305	102564	95.3806346425379	13.26	365085	9802	97.3151457879672
N154_BC05	N233_BC12	79.38	2202026	104155	95.2700376834788	11.53	319806	10043	90
N154_BC05	N237_BC09	91.15	2528595	9684	99.6170205193003	85.93	2383855	2446	99.8973930880863
N154_BC05	N238_BC05	93.55	2326561	14977	99.3562601625317	85.10	2116501	4473	99.788660624304
N155_BC04	N156_BC10	86.29	2566104	9903	99.6140842304131	81.37	2419724	2583	99.8932522882775
N155_BC04	N157_BC10	87.48	2606007	8212	99.6848818901868	83.06	2474307	1626	99.9342846299994
N155_BC04	N160_BC03	88.41	2579026	8801	99.658747139424	83.68	2440966	1897	99.9222848659096
N155_BC04	N160_BC12	98.63	2823475	2140	99.9242068727366	97.34	2786415	286	99.9897359151454
N155_BC04	N161_BC09	87.20	2590583	9903	99.6177308351055	81.97	2435343	2140	99.912127367685
N155_BC04	N162_BC02	87.98	2584789	8829	99.6584247302198	83.11	2441849	1681	99.9311587243929
N155_BC04	N163_BC02	87.46	2600717	8220	99.6839333153127	82.85	2463657	1366	99.9445539699723
N155_BC04	N171_BC07	88.27	2624977	7965	99.6965687699359	84.11	2501217	1776	99.9289945654455
N155_BC04	N173_BC09	87.75	2593484	8926	99.655829764132	82.97	2452164	1859	99.9241894098437
N155_BC04	N173_BC11	88.57	2551965	7293	99.7142202185375	84.66	2439445	1666	99.9317057773387
N155_BC04	N179_BC08	88.51	2632024	9931	99.6226858113756	83.01	2468324	1745	99.9293042566535
N155_BC04	N179_BC09	87.59	2548334	8659	99.660209376008	82.79	2408774	1680	99.9302549761829
N155_BC04	N179_BC10	87.33	2596825	8115	99.6875030084815	82.92	2465605	1553	99.9370134307807
N155_BC04	N181_BC01	86.36	2568099	9691	99.6226391583814	81.55	2425039	2537	99.8953831257972
N155_BC04	N181_BC02	86.36	2568031	9610	99.6257833336124	81.60	2426411	2528	99.8958131990005
N155_BC04	N185_BC10	94.93	2651424	3043	99.8852314831577	93.47	2610604	1001	99.9616563829673
N155_BC04	N185_BC11	88.26	2570966	7350	99.7141152391747	84.37	2457746	1688	99.9313191843258
N155_BC04	N189_BC09	88.53	2541455	8329	99.6722743467817	83.87	2407695	1640	99.9318850601924
N155_BC04	N190_BC04	99.92	2796620	592	99.9788315895617	99.69	2790200	270	99.9903232743172
N155_BC04	N193_BC02	89.49	2604174	7183	99.7241735767272	85.69	2493614	1654	99.9336705680992
N155_BC04	N196_BC02	88.83	2545393	7221	99.7163109979481	84.95	2434193	1660	99.9318049144008
N155_BC04	N197_BC10	85.97	2556519	8932	99.6506186732819	81.12	2412319	1721	99.9286578599265
N155_BC04	N198_BC05	88.51	2582345	8123	99.6854409461168	84.02	2451385	1574	99.9357913995558
N155_BC04	N205_BC05	88.26	2548523	9028	99.6457556004007	83.34	2406343	1918	99.9202939896765
N155_BC04	N208_BC08	88.04	2551528	10065	99.6055304899652	82.84	2400748	2525	99.8948244463809
N155_BC04	N226_BC04	99.20	2833289	289	99.9897998403975	99.08	2829769	112	99.9960420797599
N155_BC04	N226_BC06	94.36	2699850	2913	99.8921051169509	93.00	2660970	968	99.963622288113
N155_BC04	N226_BC07	94.21	2672193	2899	99.891512327141	92.82	2632673	922	99.9649785598135
N155_BC04	N226_BC08	93.87	2700279	3104	99.8850489153158	92.42	2658439	1011	99.9619701636938
N155_BC04	N226_BC12	85.80	2551397	9530	99.6264791406433	81.10	2411497	2534	99.8949200434419
N155_BC04	N229_BC11	81.72	2141037	103597	95.1613633954014	10.16	266257	9857	96.2979377068021
N155_BC04	N229_BC12	77.64	2238501	104717	95.3220034299739	12.27	353881	10485	90
N155_BC04	N233_BC11	80.62	2220443	102627	95.3780844633256	13.45	370483	10128	97.2662713268895
N155_BC04	N233_BC12	78.49	2245881	104540	95.3452564939995	12.75	364881	10489	90
N155_BC04	N237_BC09	86.74	2579466	9524	99.6307762924574	82.02	2438986	2499	99.8975393872699
N155_BC04	N238_BC05	94.39	2347426	15081	99.3575516331505	86.01	2139046	4661	99.782099122693
N156_BC10	N157_BC10	96.59	2877355	4995	99.8264030680955	94.32	2809615	1607	99.9428035513763
N156_BC10	N160_BC03	93.39	2724111	11445	99.5798629351007	87.29	2546131	2545	99.9000444203381
N156_BC10	N160_BC12	87.98	2518651	9509	99.6224566245979	83.12	2379431	2547	99.8929576020486
N156_BC10	N161_BC09	92.99	2762854	11584	99.580723411371	86.99	2584634	2672	99.8966197922027
N156_BC10	N162_BC02	96.55	2836574	5942	99.7905219465454	93.67	2752094	1717	99.9376111426427
N156_BC10	N163_BC02	93.09	2782823	10769	99.6130188660939	87.73	2622643	2759	99.8948007792139
N156_BC10	N171_BC07	88.11	2633696	9783	99.6285448282566	83.15	2485396	2367	99.9047636674397
N156_BC10	N173_BC09	92.65	2738312	11413	99.5832103865447	86.58	2559012	2447	99.9043771580594
N156_BC10	N173_BC11	90.36	2603728	9718	99.6267659294673	85.23	2455948	2328	99.905209719424
N156_BC10	N179_BC08	94.80	2931277	5280	99.8198737273891	92.44	2858317	1631	99.9429384494442
N156_BC10	N179_BC09	96.45	2805908	5463	99.8053036664067	93.87	2730908	1712	99.9373102279535
N156_BC10	N179_BC10	96.60	2886419	4854	99.8318331468855	94.38	2820179	1541	99.9453580783347
N156_BC10	N181_BC01	99.87	3037394	491	99.9838348268285	99.66	3031074	174	99.9942594605081
N156_BC10	N181_BC02	99.85	3069473	488	99.9841015053724	99.66	3063553	191	99.9937654089875
N156_BC10	N185_BC10	90.48	2527312	9928	99.6071715720101	85.50	2388312	2977	99.8753512941358
N156_BC10	N185_BC11	90.13	2625362	9663	99.6319364719989	85.09	2478622	2325	99.9061978793055
N156_BC10	N189_BC09	96.15	2760156	5334	99.8067500532579	93.59	2686616	1656	99.9383611204579
N156_BC10	N190_BC04	91.31	2555601	9649	99.622437148835	86.28	2414881	2612	99.8918373203483
N156_BC10	N193_BC02	91.14	2652267	9897	99.6268475232697	85.94	2501087	2337	99.9065606274392
N156_BC10	N196_BC02	90.61	2596379	9849	99.6206640093761	85.38	2446499	2354	99.9037808721769
N156_BC10	N197_BC10	91.91	2820784	5989	99.7876831405737	89.17	2736544	1776	99.9351006232679
N156_BC10	N198_BC05	96.17	2805858	4868	99.8265058317278	93.91	2739858	1567	99.9428072549745
N156_BC10	N205_BC05	93.32	2694628	11763	99.563464789945	86.89	2508968	2479	99.9011944353216
N156_BC10	N208_BC08	99.87	2894428	1182	99.9591629157816	99.31	2878248	372	99.9870754709115
N156_BC10	N226_BC04	90.72	2591191	9209	99.644603581905	85.97	2455411	2419	99.9014828882008
N156_BC10	N226_BC06	90.07	2577329	9731	99.6224385788543	85.30	2440729	2900	99.8811830399852
N156_BC10	N226_BC07	89.86	2548852	9797	99.6156308800982	84.97	2410052	2856	99.8814963328592
N156_BC10	N226_BC08	89.62	2578050	9982	99.6128081301759	84.72	2437150	2936	99.8795314198962
N156_BC10	N226_BC12	99.87	3066525	402	99.9868906987551	99.70	3061325	141	99.9953941512254
N156_BC10	N229_BC11	81.67	2139855	104365	95.122800376661	9.45	247655	9754	96.0614564616099
N156_BC10	N229_BC12	76.52	2206429	104625	95.2581750874377	11.06	318849	10245	90
N156_BC10	N233_BC11	80.75	2223929	104438	95.3038968420305	12.29	338589	10170	96.9963584168417
N156_BC10	N233_BC12	77.19	2208632	104504	95.2683833250628	11.32	323892	10266	90
N156_BC10	N237_BC09	99.67	3017783	391	99.9870434686656	99.49	3012483	125	99.9958505989909
N156_BC10	N238_BC05	95.22	2368006	12013	99.4926955421566	88.82	2208826	4053	99.8165088603629
N157_BC10	N160_BC03	94.23	2748631	8798	99.6799133823347	89.33	2605591	1645	99.9368665304724
N157_BC10	N160_BC12	89.24	2554752	8181	99.6797732226063	84.62	2422532	1569	99.935233053681
N157_BC10	N161_BC09	94.10	2795783	8975	99.678980807881	89.32	2653763	1873	99.9294209769297
N157_BC10	N162_BC02	99.72	2970791	1288	99.9566445434903	99.12	2952891	392	99.9867248740302
N157_BC10	N163_BC02	93.10	2773376	6483	99.7662415770527	89.68	2671496	1388	99.9480440921491
N157_BC10	N171_BC07	91.48	2725114	7646	99.7194245818707	87.37	2602814	1530	99.9412174669416
N157_BC10	N173_BC09	93.63	2789362	8688	99.6885309257099	88.85	2647042	1571	99.9406507339135
N157_BC10	N173_BC11	91.73	2642996	7467	99.7174797086337	87.60	2523996	1516	99.9399365133701
N157_BC10	N179_BC08	99.09	2952051	609	99.979370275107	98.85	2944871	249	99.9915446211396
N157_BC10	N179_BC09	99.57	2896887	861	99.9702784402705	99.20	2886047	318	99.9889814684238
N157_BC10	N179_BC10	100.00	2978970	230	99.9922792105996	99.90	2976090	85	99.9971439035782
N157_BC10	N181_BC01	96.38	2871204	4832	99.8317082311114	94.15	2804684	1505	99.9463397659059
N157_BC10	N181_BC02	96.38	2871331	4849	99.8311236147975	94.16	2805251	1544	99.9449603618357
N157_BC10	N185_BC10	91.49	2555256	8478	99.6682132827396	86.91	2427336	2081	99.9142681524107
N157_BC10	N185_BC11	91.51	2665465	7525	99.7176852819302	87.38	2545285	1515	99.9404781782787
N157_BC10	N189_BC09	98.83	2837087	828	99.9708151353836	98.47	2826727	309	99.9890686295493
N157_BC10	N190_BC04	92.54	2590057	8244	99.6817058466281	87.82	2458037	1642	99.9331987272771
N157_BC10	N193_BC02	92.46	2690490	7782	99.7107590067237	88.19	2566190	1566	99.938975679899
N157_BC10	N196_BC02	91.97	2635389	7503	99.7152981969645	87.80	2515789	1522	99.9395020806594
N157_BC10	N197_BC10	98.67	2939588	1768	99.9398555171677	97.82	2914128	494	99.983048102211
N157_BC10	N198_BC05	98.85	2883793	329	99.9885914141549	98.71	2879793	128	99.9955552360882
N157_BC10	N205_BC05	94.16	2719085	9071	99.6663951292439	89.02	2570525	1642	99.9361219984244
N157_BC10	N208_BC08	97.03	2812038	5546	99.8027764916406	94.34	2734118	1649	99.9396880456513
N157_BC10	N226_BC04	92.13	2631275	8126	99.6911763308662	87.53	2499975	1560	99.9375993759938
N157_BC10	N226_BC06	91.10	2606659	8252	99.6834261788749	86.76	2482419	2039	99.9178623753685
N157_BC10	N226_BC07	90.85	2576803	8308	99.6775849764223	86.41	2450903	2012	99.9179078078569
N157_BC10	N226_BC08	90.58	2605683	8401	99.6775893307052	86.18	2478983	2065	99.9166997111315
N157_BC10	N226_BC12	95.81	2854327	4718	99.834707095578	93.64	2789767	1489	99.9466263670048
N157_BC10	N229_BC11	82.18	2153197	106090	95.0729078667674	8.79	230357	9947	95.681919802741
N157_BC10	N229_BC12	76.50	2205654	106386	95.1766686887427	9.96	287094	10457	90
N157_BC10	N233_BC11	81.27	2238407	104795	95.3183223605001	12.60	347107	10229	97.0530700907789
N157_BC10	N233_BC12	77.43	2215477	106212	95.2059082536176	10.54	301497	10512	90
N157_BC10	N237_BC09	96.37	2870830	4529	99.8422407457077	94.32	2809830	1478	99.9473989529616
N157_BC10	N238_BC05	94.12	2340720	13384	99.4282101233809	87.04	2164620	4578	99.7885079136292
N160_BC03	N160_BC12	88.88	2544377	8817	99.653471164061	84.04	2405857	1890	99.9214417149481
N160_BC03	N161_BC09	99.52	2956702	3075	99.8959989880617	98.07	2913602	919	99.9684582863411
N160_BC03	N162_BC02	94.51	2756916	9538	99.6540337101312	89.18	2601376	1760	99.9323434982102
N160_BC03	N163_BC02	92.71	2704264	7927	99.7068703351448	88.51	2581864	1806	99.9300505371313
N160_BC03	N171_BC07	94.34	2751827	4414	99.8395974746959	91.87	2679747	809	99.9698105828647
N160_BC03	N173_BC09	100.00	2916960	258	99.991155175251	99.90	2913960	107	99.9963280209749
N160_BC03	N173_BC11	94.30	2750765	4268	99.8448431618114	91.89	2680505	754	99.9718709720743
N160_BC03	N179_BC08	93.64	2731322	9011	99.6700865002369	88.62	2585042	1696	99.9343917816422
N160_BC03	N179_BC09	93.93	2740037	8572	99.6871575091869	89.23	2603077	1723	99.9338091036108
N160_BC03	N179_BC10	94.58	2758950	8808	99.6807481106943	89.65	2615230	1621	99.9380169239417
N160_BC03	N181_BC01	93.18	2718031	11412	99.5801372390528	87.08	2539991	2509	99.9012201224335
N160_BC03	N181_BC02	93.18	2717944	10836	99.6013162890773	87.46	2551064	2491	99.9023544685668
N160_BC03	N185_BC10	91.02	2542157	10141	99.6010867936166	85.42	2385637	2314	99.9030028457808
N160_BC03	N185_BC11	94.34	2751857	4367	99.8413071609462	91.88	2680097	778	99.970971199923
N160_BC03	N189_BC09	94.01	2698793	9613	99.6438037300378	88.54	2541833	1764	99.9306012629469
N160_BC03	N190_BC04	92.06	2576550	8902	99.6544992334711	87.10	2437630	1955	99.9197991491736
N160_BC03	N193_BC02	94.60	2752838	4482	99.8371862056539	92.06	2679038	791	99.9704744762859
N160_BC03	N196_BC02	94.32	2751278	4350	99.8418916590763	91.87	2679698	770	99.9712654187151
N160_BC03	N197_BC10	93.21	2718795	9844	99.6379278319991	87.70	2558095	1808	99.929322405931
N160_BC03	N198_BC05	94.10	2745338	9253	99.6629558910415	88.92	2594138	1692	99.9347760219387
N160_BC03	N205_BC05	99.99	2887473	673	99.9766924227517	99.71	2879433	270	99.9906231539334
N160_BC03	N208_BC08	93.89	2720926	11418	99.5803634497961	87.73	2542366	2489	99.9020990683482
N160_BC03	N226_BC04	91.74	2620336	8627	99.6707674130341	87.01	2485176	1868	99.9248342974502
N160_BC03	N226_BC06	90.63	2593185	10333	99.6015324784001	85.06	2433685	2357	99.9031509829744
N160_BC03	N226_BC07	90.37	2563319	9961	99.6114022484131	84.93	2409059	2247	99.9067270664604
N160_BC03	N226_BC08	90.06	2590742	10074	99.611153870204	84.66	2435462	2309	99.9051925260998
N160_BC03	N226_BC12	92.60	2701162	10799	99.6002090951968	86.91	2535182	2499	99.9014271953651
N160_BC03	N229_BC11	82.77	2168417	104281	95.19091576943	10.76	281957	9957	96.4686104618789
N160_BC03	N229_BC12	76.94	2218338	104446	95.2917003630646	11.75	338878	10472	90
N160_BC03	N233_BC11	81.70	2250187	103346	95.4072261549818	14.10	388267	10249	97.3603216343393
N160_BC03	N233_BC12	77.76	2224751	104442	95.3054521607137	12.09	346031	10505	90
N160_BC03	N237_BC09	93.17	2717606	10866	99.6001627903383	87.42	2549886	2479	99.9027799674182
N160_BC03	N238_BC05	95.01	2362795	15901	99.3270258316951	86.27	2145375	5029	99.7655887665327
N160_BC12	N161_BC09	87.24	2497419	9738	99.6100774439531	81.90	2344559	2094	99.9106868285251
N160_BC12	N162_BC02	89.54	2563191	8796	99.6568340010557	84.53	2419911	1631	99.9326008270552
N160_BC12	N163_BC02	88.81	2542519	8306	99.6733161089455	83.94	2402999	1329	99.9446941093192
N160_BC12	N171_BC07	90.65	2595143	7969	99.6929263628247	86.30	2470503	1736	99.9297309090497
N160_BC12	N173_BC09	88.90	2544994	8768	99.6554805237262	84.08	2406914	1863	99.9225979823126
N160_BC12	N173_BC11	89.53	2562908	7175	99.7200445743663	85.69	2452988	1678	99.9315936319297
N160_BC12	N179_BC08	91.29	2613440	9729	99.6277320313457	85.68	2452920	1702	99.9306133098511
N160_BC12	N179_BC09	88.50	2533500	8587	99.6610617722518	83.67	2395260	1674	99.930111971143
N160_BC12	N179_BC10	89.61	2565168	8106	99.6839973054396	85.04	2434248	1559	99.9359555805325
N160_BC12	N181_BC01	88.02	2519786	9471	99.6241347479508	83.16	2380666	2514	99.8943992983476
N160_BC12	N181_BC02	88.03	2519946	9500	99.6230077946115	83.15	2380386	2521	99.8940928067969
N160_BC12	N185_BC10	93.58	2679045	3190	99.880927718646	92.04	2635045	989	99.9624674341425
N160_BC12	N185_BC11	89.54	2563359	7219	99.7183773322426	85.66	2452239	1662	99.9322252031715
N160_BC12	N189_BC09	88.76	2540989	8383	99.6700890873593	84.04	2405969	1631	99.9322102653858
N160_BC12	N190_BC04	98.30	2751268	585	99.9787370768678	98.05	2744388	240	99.9912548808696
N160_BC12	N193_BC02	89.26	2555236	7357	99.7120813889598	85.30	2441856	1687	99.9309132070032
N160_BC12	N196_BC02	89.54	2563248	7306	99.7149710055367	85.62	2450968	1691	99.9310068511706
N160_BC12	N197_BC10	88.21	2525076	8835	99.6501095412574	83.23	2382576	1709	99.9282709134987
N160_BC12	N198_BC05	89.48	2561435	8099	99.6838100517874	84.93	2431095	1581	99.9349675763391
N160_BC12	N205_BC05	88.70	2539349	8982	99.6462872964685	83.74	2397289	1878	99.9216615101475
N160_BC12	N208_BC08	87.77	2512681	10105	99.597839916806	82.47	2360841	2512	99.8935972392889
N160_BC12	N226_BC04	97.84	2794588	450	99.9838974474949	97.61	2788068	123	99.9955883428955
N160_BC12	N226_BC06	93.57	2678640	2996	99.8881521966371	92.15	2638040	965	99.9634198116784
N160_BC12	N226_BC07	93.55	2678081	3064	99.8855897189069	92.06	2635521	935	99.9645231436213
N160_BC12	N226_BC08	93.40	2673824	3201	99.8802838182319	91.88	2630264	1022	99.9611445847261
N160_BC12	N226_BC12	87.43	2502942	9402	99.6243620507387	82.61	2365042	2506	99.8940399367115
N160_BC12	N229_BC11	80.13	2099276	101011	95.1882934878501	10.43	273236	9708	96.4470274780776
N160_BC12	N229_BC12	76.96	2203218	102140	95.3640538521381	12.77	365698	10263	90
N160_BC12	N233_BC11	79.10	2178539	100026	95.4085742784499	13.73	378279	10012	90
N160_BC12	N233_BC12	76.98	2203648	102029	95.3699955709805	12.89	369028	10297	90
N160_BC12	N237_BC09	88.03	2520048	9459	99.6246500066665	83.16	2380768	2494	99.8952438876867
N160_BC12	N238_BC05	91.81	2283051	14809	99.3513504516544	83.59	2078631	4587	99.7793259121027
N161_BC09	N162_BC02	94.27	2800879	9384	99.6649623207572	89.24	2651579	1918	99.9276657418089
N161_BC09	N163_BC02	91.77	2726370	9160	99.6640221246566	87.01	2584990	2090	99.9191486233989
N161_BC09	N171_BC07	93.18	2768492	5631	99.7966040718196	90.23	2680992	1255	99.9531889688593
N161_BC09	N173_BC09	99.52	2956707	2793	99.9055368015837	98.22	2918207	867	99.9702899760024
N161_BC09	N173_BC11	93.19	2768723	5661	99.7955375095306	90.23	2680743	1261	99.952960802285
N161_BC09	N179_BC08	93.63	2781856	9095	99.6730600002301	88.76	2637056	1854	99.9296943257936
N161_BC09	N179_BC09	93.71	2784075	8596	99.6912439499654	89.17	2649295	1856	99.929943626512
N161_BC09	N179_BC10	94.34	2802857	8812	99.685606507931	89.63	2662877	1812	99.9319532971294
N161_BC09	N181_BC01	92.79	2756881	11446	99.5848206723468	86.85	2580281	2615	99.8986544488759
N161_BC09	N181_BC02	92.80	2757076	10861	99.6060681678706	87.23	2591616	2587	99.9001781128068
N161_BC09	N185_BC10	89.25	2492957	10882	99.5634902647739	83.22	2324417	2454	99.8944251397232
N161_BC09	N185_BC11	93.18	2768498	5519	99.8006500275601	90.30	2683078	1247	99.9535235278289
N161_BC09	N189_BC09	92.96	2668465	9551	99.64207887306	87.62	2515305	1892	99.9247804938169
N161_BC09	N190_BC04	90.18	2523808	9777	99.6126092000659	84.69	2370248	2098	99.9114860554676
N161_BC09	N193_BC02	92.91	2760272	5920	99.7855283827101	89.80	2667852	1298	99.9513466264246
N161_BC09	N196_BC02	93.20	2769082	5582	99.7984169482883	90.28	2682342	1244	99.9536226178466
N161_BC09	N197_BC10	93.01	2763396	9907	99.6414918455408	87.66	2604356	1954	99.9249718548463
N161_BC09	N198_BC05	93.73	2784753	9202	99.6695577668827	88.79	2638053	1866	99.9292660155046
N161_BC09	N205_BC05	99.37	2952396	3384	99.8853812293473	97.76	2904436	985	99.9660863589351
N161_BC09	N208_BC08	92.69	2753662	11374	99.5869500323569	86.74	2577002	2540	99.9014358545317
N161_BC09	N226_BC04	89.86	2566633	9644	99.624254811654	84.57	2415613	2092	99.9133967237302
N161_BC09	N226_BC06	88.82	2541382	10468	99.5880981292856	83.17	2379842	2390	99.8995731649412
N161_BC09	N226_BC07	88.63	2513945	10683	99.5750503690415	82.76	2347345	2352	99.8998016908465
N161_BC09	N226_BC08	88.36	2541890	10797	99.575237323409	82.53	2374310	2417	99.8982020039506
N161_BC09	N226_BC12	92.18	2738596	10766	99.6068788532518	86.65	2574356	2553	99.9008295666955
N161_BC09	N229_BC11	80.08	2098175	101111	95.1810025379199	9.51	249115	8657	96.5248981394135
N161_BC09	N229_BC12	74.76	2221124	100927	95.456039374659	12.88	382524	8996	90
N161_BC09	N233_BC11	79.20	2181296	99862	95.4218959737697	13.10	360796	8836	90
N161_BC09	N233_BC12	75.38	2156878	101397	95.2988996132373	10.79	308818	8993	90
N161_BC09	N237_BC09	92.78	2756432	11262	99.5914283392444	86.92	2582372	2558	99.9009437834673
N161_BC09	N238_BC05	93.17	2316877	15923	99.3127386563896	84.06	2090417	4599	99.7799960486353
N162_BC02	N163_BC02	93.64	2751025	7225	99.7373706164066	89.73	2636065	1476	99.9440074504991
N162_BC02	N171_BC07	91.98	2702384	7848	99.7095897548239	87.73	2577444	1600	99.9379229965811
N162_BC02	N173_BC09	94.21	2767675	8967	99.6760096470864	89.23	2621395	1652	99.9369801193639
N162_BC02	N173_BC11	92.03	2651714	8033	99.6970638613365	87.56	2523034	1598	99.9366635566544
N162_BC02	N179_BC08	99.08	2910927	1422	99.9511495822465	98.41	2891207	435	99.9849543806445
N162_BC02	N179_BC09	99.65	2899255	1698	99.9414332302609	98.83	2875375	503	99.9825066295701
N162_BC02	N179_BC10	100.00	2937808	1097	99.9626592343679	99.48	2922588	335	99.9885375564397
N162_BC02	N181_BC01	96.35	2830561	5706	99.7984145192419	93.60	2749841	1669	99.9393055816682
N162_BC02	N181_BC02	96.34	2830524	5768	99.7962214770127	93.54	2748164	1649	99.9399963029863
N162_BC02	N185_BC10	91.79	2563712	8923	99.6519499850217	86.92	2427712	2122	99.9125925974745
N162_BC02	N185_BC11	91.98	2702363	7801	99.711326716655	87.76	2578403	1602	99.9378685178384
N162_BC02	N189_BC09	98.90	2839054	1759	99.9380427424065	98.05	2814554	533	99.9810627189956
N162_BC02	N190_BC04	92.84	2598478	8938	99.6560294141417	87.67	2453898	1708	99.9303964549464
N162_BC02	N193_BC02	92.75	2699113	8411	99.6883791082478	88.09	2563533	1631	99.9363768673935
N162_BC02	N196_BC02	92.27	2644052	7794	99.7052251619862	87.96	2520452	1613	99.9360035422218
N162_BC02	N197_BC10	98.64	2897993	2705	99.9066595398954	97.26	2857553	682	99.9761334260467
N162_BC02	N198_BC05	98.91	2885767	1253	99.9565800010881	98.31	2868347	381	99.9867170882742
N162_BC02	N205_BC05	94.45	2727322	9706	99.6441197629029	88.93	2567862	1732	99.9325508925324
N162_BC02	N208_BC08	97.11	2814289	6379	99.7733352900146	93.91	2721509	1739	99.9361016259729
N162_BC02	N226_BC04	92.42	2639702	8675	99.6713644191655	87.47	2498422	1610	99.935559325046
N162_BC02	N226_BC06	91.39	2615150	8821	99.6626962124543	86.67	2479990	2062	99.9168545034456
N162_BC02	N226_BC07	91.15	2585289	8761	99.6611210584194	86.40	2450609	2026	99.9173266726761
N162_BC02	N226_BC08	90.88	2614282	8955	99.6574585297225	86.12	2477282	2104	99.9150682078181
N162_BC02	N226_BC12	95.58	2808135	5570	99.8016477128058	92.89	2728995	1612	99.9409306356369
N162_BC02	N229_BC11	82.35	2157600	106383	95.069382647386	8.25	216080	9306	95.6932617549056
N162_BC02	N229_BC12	76.65	2209898	106620	95.1753429343798	9.42	271458	9697	90
N162_BC02	N233_BC11	81.42	2242516	104983	95.3185172368893	12.09	332936	9503	97.1456976716246
N162_BC02	N233_BC12	77.59	2220030	106566	95.1997945973703	9.87	282510	9689	90
N162_BC02	N237_BC09	96.33	2830081	5331	99.8116308331811	93.78	2755281	1590	99.9422926373027
N162_BC02	N238_BC05	94.43	2348313	13747	99.4146010348706	86.92	2161473	4404	99.7962500572526
N163_BC02	N171_BC07	93.38	2791112	9869	99.6464133291677	88.10	2633432	1984	99.9246610506746
N163_BC02	N173_BC09	91.90	2716041	7814	99.7123018393316	87.79	2594521	1737	99.9330512260259
N163_BC02	N173_BC11	94.08	2710876	9748	99.6404114389592	88.66	2554676	1937	99.9241782519584
N163_BC02	N179_BC08	91.61	2832676	6545	99.7689463955638	88.26	2728996	1360	99.9501648225208
N163_BC02	N179_BC09	93.01	2706010	7533	99.7216196540294	88.82	2584110	1437	99.9443909121516
N163_BC02	N179_BC10	93.25	2786310	6396	99.7704490885795	89.85	2684730	1316	99.9509820354374
N163_BC02	N181_BC01	93.18	2785254	10738	99.614469631854	87.80	2624534	2701	99.8970864923068
N163_BC02	N181_BC02	93.18	2785232	10733	99.6146461048846	87.79	2623992	2670	99.8982466409959
N163_BC02	N185_BC10	92.06	2571423	8663	99.663104825616	87.12	2433303	1756	99.9278347168437
N163_BC02	N185_BC11	93.94	2736445	9877	99.639057243979	88.51	2578225	1965	99.9237847744088
N163_BC02	N189_BC09	94.29	2706719	6671	99.7535392480712	90.61	2601219	1395	99.9463712974571
N163_BC02	N190_BC04	92.17	2579539	8463	99.6719181218039	87.14	2438659	1418	99.9418532890412
N163_BC02	N193_BC02	94.09	2737855	9922	99.6375995076438	88.61	2578535	1955	99.9241817543683
N163_BC02	N196_BC02	94.16	2698177	9865	99.6343827702927	88.64	2540137	1962	99.9227600716024
N163_BC02	N197_BC10	90.26	2698004	7295	99.7296149301484	86.38	2582144	1501	99.9418700118971
N163_BC02	N198_BC05	94.36	2752887	6366	99.7687518594116	90.92	2652387	1340	99.9494794688709
N163_BC02	N205_BC05	92.61	2674121	8192	99.6936563453935	88.19	2546481	1809	99.9289607894188
N163_BC02	N208_BC08	93.55	2711053	11148	99.5887944647338	87.69	2541253	2657	99.8954452783725
N163_BC02	N226_BC04	91.82	2622650	8209	99.6869959773512	87.00	2484930	1322	99.9467993062179
N163_BC02	N226_BC06	91.63	2621849	8265	99.6847644543984	87.05	2490669	1705	99.9315444966794
N163_BC02	N226_BC07	91.47	2594546	8529	99.6712719681979	86.66	2458186	1710	99.9304365088728
N163_BC02	N226_BC08	91.05	2619229	8517	99.6748279741863	86.36	2484449	1777	99.9284750864276
N163_BC02	N226_BC12	92.61	2768284	10634	99.6158631123107	87.29	2609324	2685	99.8970997852317
N163_BC02	N229_BC11	82.89	2171774	105628	95.1363263396652	9.91	259574	10017	96.1409848443989
N163_BC02	N229_BC12	77.31	2229112	106022	95.2437562580974	11.06	318912	10511	90
N163_BC02	N233_BC11	81.93	2256505	104307	95.3774975016674	13.64	375565	10259	97.2683823039953
N163_BC02	N233_BC12	78.22	2238050	105794	95.2729384955653	11.64	333010	10541	90
N163_BC02	N237_BC09	93.42	2792503	10461	99.6253898384353	88.20	2636403	2655	99.899294607084
N163_BC02	N238_BC05	94.87	2359180	15301	99.3514271908036	86.35	2147420	4712	99.7805738979799
N171_BC07	N173_BC09	93.52	2764050	4471	99.8382446048371	91.05	2690910	813	99.9697871723692
N171_BC07	N173_BC11	99.95	2879773	240	99.9916660097862	99.86	2877313	116	99.9959684608522
N171_BC07	N179_BC08	91.41	2826589	7491	99.7349809257731	87.65	2710269	1674	99.9382349132134
N171_BC07	N179_BC09	91.44	2660134	7768	99.7079846353605	87.28	2539134	1717	99.9323785196055
N171_BC07	N179_BC10	91.26	2726931	7558	99.7228386050105	87.28	2608051	1613	99.9381530499212
N171_BC07	N181_BC01	88.17	2635337	9820	99.627372134949	83.26	2488537	2479	99.9003832372193
N171_BC07	N181_BC02	88.17	2635546	9602	99.6356732153413	83.38	2492246	2436	99.9022568398144
N171_BC07	N185_BC10	92.78	2591347	7981	99.6920134586375	88.70	2477307	2278	99.9080453088777
N171_BC07	N185_BC11	99.78	2906432	295	99.9898500979896	99.66	2903032	124	99.9957286037495
N171_BC07	N189_BC09	92.51	2655568	7903	99.7023988841559	88.20	2531768	1712	99.9323792701385
N171_BC07	N190_BC04	93.16	2607219	7404	99.716019252698	89.20	2496379	1861	99.9254520247126
N171_BC07	N193_BC02	99.96	2908802	493	99.9830514417963	99.77	2903222	213	99.9926633237141
N171_BC07	N196_BC02	99.95	2864157	253	99.9911666853458	99.86	2861537	121	99.9957715032166
N171_BC07	N197_BC10	88.49	2645023	8364	99.6837834680455	84.08	2513123	1768	99.9296492849733
N171_BC07	N198_BC05	92.62	2702113	7333	99.7286197875514	88.70	2587793	1616	99.9375529650169
N171_BC07	N205_BC05	94.25	2721657	4748	99.8255474514239	91.57	2644157	872	99.9670216254179
N171_BC07	N208_BC08	91.62	2655303	9937	99.6257677560715	86.44	2505183	2430	99.9030010981234
N171_BC07	N226_BC04	92.69	2647434	7123	99.7309470226642	88.92	2539774	1739	99.9315293407996
N171_BC07	N226_BC06	92.34	2642310	7837	99.7034034613652	88.46	2531190	2280	99.9099237907862
N171_BC07	N226_BC07	92.12	2612990	7879	99.6984680385306	88.17	2500890	2273	99.9091123560013
N171_BC07	N226_BC08	91.74	2639023	8020	99.6960996550617	87.78	2525163	2326	99.9078871344147
N171_BC07	N226_BC12	87.60	2618411	9845	99.6240086067466	82.68	2471431	2495	99.8990463419776
N171_BC07	N229_BC11	82.33	2156979	107077	95.0357884800918	8.57	224639	10459	95.3440853992406
N171_BC07	N229_BC12	77.06	2221753	107393	95.1662943630548	10.30	296833	11146	90
N171_BC07	N233_BC11	81.25	2237789	105940	95.2658628673213	12.20	336069	10853	96.7706036557969
N171_BC07	N233_BC12	77.89	2228681	107278	95.1864802544644	10.70	306041	11145	90
N171_BC07	N237_BC09	88.15	2634931	9783	99.6287189304008	83.27	2488931	2482	99.9002784729669
N171_BC07	N238_BC05	94.20	2342589	13174	99.4376307581057	87.63	2179289	5008	99.7702002809173
N173_BC09	N173_BC11	93.87	2704861	4201	99.8446870282798	91.49	2636321	773	99.9706788361508
N173_BC09	N179_BC08	93.05	2750204	8596	99.6874413679858	88.37	2611884	1679	99.935716900138
N173_BC09	N179_BC09	93.64	2724273	8401	99.6916241507367	89.08	2591533	1763	99.9319707678814
N173_BC09	N179_BC10	93.79	2771987	8688	99.6865786167107	89.05	2631827	1679	99.9362040134097
N173_BC09	N181_BC01	92.44	2732221	11407	99.5825008299109	86.49	2556421	2616	99.8976694370763
N173_BC09	N181_BC02	92.46	2732588	10589	99.6124918941311	87.01	2571568	2537	99.9013442382235
N173_BC09	N185_BC10	91.03	2542601	9930	99.6094550422972	85.63	2391661	2382	99.900403945208
N173_BC09	N185_BC11	93.52	2724111	4079	99.8502630766514	91.22	2657011	723	99.97278897227
N173_BC09	N189_BC09	94.02	2699011	9535	99.6467224475928	88.63	2544331	1800	99.9292544877219
N173_BC09	N190_BC04	92.08	2577037	8837	99.6570868016253	87.21	2440777	2023	99.9171165575552
N173_BC09	N193_BC02	94.59	2752481	4346	99.8421060853826	92.14	2681281	785	99.9707229492172
N173_BC09	N196_BC02	94.08	2695996	4040	99.8501481456204	91.77	2629836	731	99.9722035898816
N173_BC09	N197_BC10	92.44	2732133	9735	99.6436849889811	87.10	2574353	1845	99.9283315069845
N173_BC09	N198_BC05	94.11	2745698	8890	99.6762207642647	89.19	2602178	1713	99.9341705294565
N173_BC09	N205_BC05	99.99	2887473	508	99.9824067618987	99.79	2881713	219	99.9924003535397
N173_BC09	N208_BC08	93.91	2721559	11071	99.593211097022	88.01	2550519	2518	99.9012749954029
N173_BC09	N226_BC04	91.77	2620985	8620	99.6711160117284	87.09	2487425	1941	99.9219674965074
N173_BC09	N226_BC06	90.64	2593626	10016	99.6138225017794	85.33	2441606	2414	99.901130649253
N173_BC09	N226_BC07	90.38	2563669	9909	99.6134836439494	85.08	2413229	2386	99.9011283222603
N173_BC09	N226_BC08	90.07	2590922	9964	99.6154264775242	84.83	2440102	2422	99.900741854234
N173_BC09	N226_BC12	91.87	2715316	11352	99.5819271127191	85.97	2540976	2634	99.8963390445246
N173_BC09	N229_BC11	82.82	2169766	104778	95.1710000064523	10.81	283126	10445	96.3108298072236
N173_BC09	N229_BC12	77.73	2241085	105098	95.3103965266824	12.58	362625	11174	90
N173_BC09	N233_BC11	81.69	2249971	103919	95.3813182481019	14.11	388751	10857	97.2072097563736
N173_BC09	N233_BC12	78.54	2247280	105205	95.3185628849098	12.80	366140	11147	90
N173_BC09	N237_BC09	92.43	2731854	10682	99.6089834961898	86.94	2569614	2569	99.9000238946394
N173_BC09	N238_BC05	95.02	2362885	15890	99.3275169972301	86.50	2150965	5293	99.7539244013733
N173_BC11	N179_BC08	91.89	2647706	7359	99.7220612862606	87.91	2533026	1624	99.9358869589179
N173_BC11	N179_BC09	91.44	2634582	7698	99.7078094361838	87.27	2514322	1684	99.9330236938626
N173_BC11	N179_BC10	92.09	2653489	7446	99.7193883223183	88.03	2536529	1597	99.9370399471088
N173_BC11	N181_BC01	90.42	2605426	9751	99.6257425848978	85.37	2459906	2474	99.8994270512776
N173_BC11	N181_BC02	90.43	2605500	9418	99.6385338706582	85.61	2466520	2468	99.8999399964322
N173_BC11	N185_BC10	92.68	2588540	7729	99.7014146970879	88.75	2478820	2242	99.9095537392792
N173_BC11	N185_BC11	99.99	2881150	217	99.9924682852333	99.91	2878910	104	99.9963875216662
N173_BC11	N189_BC09	92.49	2655165	7778	99.7070615197172	88.24	2533085	1673	99.9339540520749
N173_BC11	N190_BC04	92.85	2598781	7086	99.7273336999155	89.07	2493061	1799	99.9278397119044
N173_BC11	N193_BC02	99.94	2908300	451	99.9844926589416	99.76	2903080	189	99.9934896730369
N173_BC11	N196_BC02	99.99	2881150	223	99.9922600350555	99.91	2878830	106	99.9963179486111
N173_BC11	N197_BC10	90.70	2613412	8279	99.6832110666057	86.16	2482712	1743	99.9297945150303
N173_BC11	N198_BC05	92.60	2701602	7530	99.7212764870621	88.56	2583762	1637	99.9366427712769
N173_BC11	N205_BC05	94.26	2721809	4420	99.8376080026189	91.78	2650209	839	99.9683421194328
N173_BC11	N208_BC08	91.63	2655368	9974	99.6243835129443	86.44	2505088	2459	99.9018397756885
N173_BC11	N226_BC04	92.48	2641407	6950	99.736882653828	88.82	2536847	1721	99.9321598819322
N173_BC11	N226_BC06	92.24	2639443	7692	99.708574877351	88.42	2530203	2229	99.9119043017497
N173_BC11	N226_BC07	92.02	2610157	7813	99.7006693467098	88.10	2498937	2251	99.9099216987063
N173_BC11	N226_BC08	91.64	2636224	7865	99.7016566118812	87.76	2524504	2278	99.90976445274
N173_BC11	N226_BC12	89.84	2588551	9685	99.6258524556789	84.83	2444311	2472	99.8988672063416
N173_BC11	N229_BC11	82.31	2156498	106844	95.0454857829685	8.77	229818	10509	95.4272511291544
N173_BC11	N229_BC12	76.97	2219227	107398	95.1605671704607	10.24	295207	11196	90
N173_BC11	N233_BC11	81.24	2237513	105947	95.2649660582978	12.26	337793	10960	96.7554093779327
N173_BC11	N233_BC12	77.80	2226149	106971	95.1947960356652	10.86	310749	11200	90
N173_BC11	N237_BC09	90.41	2605018	9694	99.6278720530914	85.39	2460278	2456	99.9001738827889
N173_BC11	N238_BC05	94.18	2342176	13128	99.4394955801784	87.68	2180416	5039	99.7688973113388
N179_BC08	N179_BC09	99.00	2880244	942	99.9672944375546	98.63	2869464	402	99.9859904149346
N179_BC08	N179_BC10	99.10	2961020	494	99.9833165598341	98.92	2955780	231	99.9921848040111
N179_BC08	N181_BC01	94.74	2929471	5163	99.8237565758459	92.49	2859911	1684	99.9411170487473
N179_BC08	N181_BC02	94.74	2929613	5158	99.8239357894712	92.49	2860013	1677	99.9413639028914
N179_BC08	N185_BC10	91.32	2550744	8379	99.6715076071923	86.87	2426464	2164	99.9108167275509
N179_BC08	N185_BC11	91.66	2669960	7382	99.7235164571754	87.71	2554860	1626	99.9363565909678
N179_BC08	N189_BC09	98.74	2834529	978	99.9654969132438	98.34	2822969	399	99.9858659446845
N179_BC08	N190_BC04	92.97	2602028	8870	99.6591120464499	87.91	2460488	1792	99.9271689193363
N179_BC08	N193_BC02	92.45	2690335	7564	99.7188454225961	88.36	2571375	1615	99.9371931359681
N179_BC08	N196_BC02	92.13	2640002	7524	99.7150002159089	88.02	2522222	1634	99.935215853323
N179_BC08	N197_BC10	96.71	2990242	1852	99.938065213451	95.88	2964682	573	99.9806724633536
N179_BC08	N198_BC05	98.54	2874876	548	99.9809383082957	98.34	2869016	254	99.9911467903978
N179_BC08	N205_BC05	93.75	2707200	9086	99.6643764775414	88.64	2559640	1707	99.9333109343501
N179_BC08	N208_BC08	96.69	2802024	5694	99.7967897491242	93.97	2723104	1747	99.9358452706911
N179_BC08	N226_BC04	92.50	2642032	8673	99.6717299411968	87.61	2502332	1687	99.9325828866833
N179_BC08	N226_BC06	90.94	2602258	8377	99.6780872611401	86.59	2477898	2158	99.9129100552162
N179_BC08	N226_BC07	90.69	2572281	8546	99.6677656912289	86.18	2444381	2150	99.912043171666
N179_BC08	N226_BC08	90.43	2601327	8508	99.6729361591219	86.03	2474747	2178	99.9119910035248
N179_BC08	N226_BC12	94.19	2912555	5063	99.8261663728239	91.99	2844475	1658	99.9417115636453
N179_BC08	N229_BC11	81.89	2145492	105641	95.0761410436394	8.95	234492	10090	95.6970813503233
N179_BC08	N229_BC12	76.48	2205203	106338	95.1778589091344	10.10	291303	10642	90
N179_BC08	N233_BC11	80.96	2229690	104767	95.3012750651436	12.44	342530	10408	96.961434034975
N179_BC08	N233_BC12	77.41	2214745	105904	95.2182305412135	10.79	308785	10605	90
N179_BC08	N237_BC09	94.73	2929092	4867	99.8338392921765	92.65	2864752	1649	99.9424382983239
N179_BC08	N238_BC05	93.77	2331883	13220	99.4330761877847	86.92	2161483	4699	99.7826029628732
N179_BC09	N179_BC10	99.93	2907269	700	99.9759224206635	99.66	2899449	308	99.9893772920303
N179_BC09	N181_BC01	96.24	2799830	5316	99.8101313294021	93.79	2728570	1752	99.9357905422987
N179_BC09	N181_BC02	96.24	2799909	5288	99.8111367190862	93.82	2729369	1760	99.9355162310409
N179_BC09	N185_BC10	91.18	2546691	8680	99.6591655603291	86.54	2416971	2193	99.9092665985649
N179_BC09	N185_BC11	91.43	2660079	7663	99.7119258488188	87.32	2540539	1685	99.9336754916968
N179_BC09	N189_BC09	98.34	2823180	1228	99.9565029505735	97.82	2808200	478	99.9829784203404
N179_BC09	N190_BC04	92.24	2581537	8599	99.6669038638609	87.37	2445257	1784	99.9270424335765
N179_BC09	N193_BC02	92.17	2682175	7970	99.7028530949696	87.86	2556855	1703	99.9333947368936
N179_BC09	N196_BC02	91.67	2626863	7778	99.7039053806765	87.43	2505443	1706	99.9319082493595
N179_BC09	N197_BC10	98.55	2867235	1995	99.9304207712308	97.61	2839995	632	99.9777464396944
N179_BC09	N198_BC05	98.46	2864459	816	99.9715129453764	98.13	2854859	335	99.9882656201235
N179_BC09	N205_BC05	93.86	2710487	8634	99.6814594572857	89.08	2572507	1734	99.9325949356017
N179_BC09	N208_BC08	96.56	2798242	5939	99.787759600492	93.69	2715202	1786	99.9342222051987
N179_BC09	N226_BC04	91.83	2622786	8561	99.6735913642974	87.04	2486086	1725	99.9306138243005
N179_BC09	N226_BC06	90.80	2598225	8597	99.6691202647962	86.33	2470325	2201	99.910902411626
N179_BC09	N226_BC07	90.55	2568235	8695	99.6614406391938	85.96	2438115	2188	99.9102585398966
N179_BC09	N226_BC08	90.29	2597226	8792	99.6614849843641	85.75	2466586	2259	99.9084159238721
N179_BC09	N226_BC12	95.66	2782917	5215	99.812606700092	93.26	2713157	1726	99.9363840721344
N179_BC09	N229_BC11	81.73	2141371	105625	95.0674124194266	8.73	228711	9991	95.6316049512267
N179_BC09	N229_BC12	76.08	2193639	105892	95.1727699954277	9.93	286219	10520	90
N179_BC09	N233_BC11	80.84	2226421	104597	95.3020116141556	12.37	340741	10312	96.9736544765672
N179_BC09	N233_BC12	77.03	2203857	105797	95.1994616710612	10.43	298477	10527	90
N179_BC09	N237_BC09	96.22	2799404	5233	99.813067352908	93.82	2729604	1742	99.9361812189607
N179_BC09	N238_BC05	94.18	2341996	13786	99.4113568084659	86.93	2161596	4765	99.7795610280552
N179_BC10	N181_BC01	96.39	2880281	4786	99.8338356570071	94.27	2817081	1625	99.9423161776321
N179_BC10	N181_BC02	96.40	2880402	4810	99.8330094202129	94.27	2816742	1626	99.9422737332706
N179_BC10	N185_BC10	91.86	2565607	8409	99.6722413058586	87.39	2440687	2162	99.9114183834306
N179_BC10	N185_BC11	91.87	2675940	7494	99.7199488777775	87.81	2557820	1587	99.9379549772853
N179_BC10	N189_BC09	99.19	2847482	713	99.9749603333752	98.90	2839282	302	99.9893635080982
N179_BC10	N190_BC04	92.91	2600479	8219	99.6839428428378	88.28	2470779	1733	99.929860177701
N179_BC10	N193_BC02	92.82	2700953	7753	99.7129531687519	88.62	2578653	1637	99.9365172436927
N179_BC10	N196_BC02	92.33	2645875	7502	99.7164643076487	88.22	2528235	1619	99.9359632312661
N179_BC10	N197_BC10	98.66	2948063	1625	99.9448790612684	97.88	2924903	466	99.9840678477201
N179_BC10	N198_BC05	99.20	2894196	266	99.9908091919137	99.10	2891316	121	99.9958150544596
N179_BC10	N205_BC05	94.52	2729449	8959	99.6717652537197	89.47	2583529	1662	99.935669388654
N179_BC10	N208_BC08	97.39	2822400	5414	99.8081774376417	94.83	2748220	1704	99.9379962302872
N179_BC10	N226_BC04	92.49	2641722	8088	99.6938360660206	87.98	2512942	1648	99.9344194971472
N179_BC10	N226_BC06	91.46	2617036	8237	99.6852546162911	87.22	2495796	2174	99.9128935217462
N179_BC10	N226_BC07	91.21	2587179	8329	99.6780663417568	86.85	2463559	2147	99.9128496618104
N179_BC10	N226_BC08	90.94	2616162	8433	99.677657576251	86.60	2491182	2183	99.9123709146903
N179_BC10	N226_BC12	95.81	2862897	4709	99.8355162620241	93.74	2800997	1613	99.9424133620993
N179_BC10	N229_BC11	82.49	2161292	107210	95.0395411633412	8.70	227972	10543	95.3753092485042
N179_BC10	N229_BC12	76.78	2213670	107485	95.1444885642395	10.01	288490	11225	90
N179_BC10	N233_BC11	81.53	2245603	105785	95.2892385697739	12.62	347623	10885	96.8687342321998
N179_BC10	N233_BC12	77.72	2223718	107344	95.1727692090454	10.54	301618	11238	90
N179_BC10	N237_BC09	96.38	2879902	4483	99.8443349808431	94.45	2822122	1593	99.9435531135791
N179_BC10	N238_BC05	94.55	2351265	13418	99.4293284678673	87.73	2181705	4939	99.7736174230705
N181_BC01	N181_BC02	100.00	3041196	351	99.9884584880422	99.89	3037736	177	99.994173292215
N181_BC01	N185_BC10	90.55	2529112	10021	99.6037739728411	85.60	2390752	3102	99.8702500301161
N181_BC01	N185_BC11	90.19	2627082	9772	99.6280283599827	85.17	2480782	2456	99.9009989591992
N181_BC01	N189_BC09	96.24	2762708	5192	99.8120684487829	93.81	2692908	1701	99.9368340841945
N181_BC01	N190_BC04	91.37	2557387	9489	99.6289572129678	86.51	2421327	2685	99.8891103927722
N181_BC01	N193_BC02	91.20	2653965	9975	99.6241472664485	86.04	2503825	2467	99.9014707497529
N181_BC01	N196_BC02	90.66	2598007	9868	99.6201703844524	85.51	2450427	2488	99.8984666753998
N181_BC01	N197_BC10	91.71	2814779	5801	99.7939092198713	89.09	2734399	1781	99.9348668573972
N181_BC01	N198_BC05	96.26	2808477	4770	99.8301570566538	94.11	2745797	1635	99.940454447288
N181_BC01	N205_BC05	93.11	2688587	11624	99.5676539386674	86.83	2507187	2553	99.8981727330271
N181_BC01	N208_BC08	99.99	2897786	985	99.966008532031	99.56	2885366	363	99.9874192736727
N181_BC01	N226_BC04	90.77	2592432	9163	99.6465481061798	86.13	2459812	2531	99.8971059576911
N181_BC01	N226_BC06	90.11	2578305	9921	99.6152123197217	85.34	2441745	3092	99.8733692502698
N181_BC01	N226_BC07	89.93	2550644	10003	99.6078245337256	85.04	2411884	3064	99.8729623812754
N181_BC01	N226_BC08	89.68	2579847	10127	99.6074573414625	84.82	2439987	3133	99.871597676545
N181_BC01	N226_BC12	99.99	3070341	276	99.9910107704649	99.89	3067221	119	99.9961202665214
N181_BC01	N229_BC11	81.73	2141212	104772	95.1068833912756	9.64	252672	10344	95.9061550151976
N181_BC01	N229_BC12	76.57	2207788	105067	95.2410738712232	11.27	324908	10922	90
N181_BC01	N233_BC11	80.82	2226040	104186	95.3196708055561	12.92	355880	10677	96.999831403844
N181_BC01	N233_BC12	77.23	2209856	104971	95.2498714848388	11.50	329196	10937	90
N181_BC01	N237_BC09	99.98	3040731	254	99.9916467454701	99.89	3038031	118	99.9961159053347
N181_BC01	N238_BC05	95.27	2369298	12100	99.4893002062214	88.99	2213198	4294	99.8059821127617
N181_BC02	N185_BC10	90.55	2529088	9862	99.6100570640484	85.72	2394048	3109	99.8701362712861
N181_BC02	N185_BC11	90.19	2627125	9690	99.6311557310749	85.20	2481785	2422	99.9024089516215
N181_BC02	N189_BC09	96.24	2762837	5207	99.8115343033266	93.81	2693037	1716	99.9362801179486
N181_BC02	N190_BC04	91.37	2557356	9553	99.6264501305254	86.46	2419796	2674	99.8894948169185
N181_BC02	N193_BC02	91.21	2654158	9255	99.6513018441253	86.48	2516578	2375	99.9056258141015
N181_BC02	N196_BC02	90.67	2598088	9872	99.6200282669409	85.50	2449828	2458	99.8996664255613
N181_BC02	N197_BC10	91.71	2814772	5823	99.7931271165125	89.08	2734172	1792	99.9344591342461
N181_BC02	N198_BC05	96.27	2808596	4756	99.8306627225845	94.13	2746096	1630	99.9406430073821
N181_BC02	N205_BC05	93.10	2688424	11064	99.5884577730298	87.21	2518424	2563	99.8982300041613
N181_BC02	N208_BC08	99.99	2897734	999	99.9655247859189	99.53	2884414	332	99.9884898631056
N181_BC02	N226_BC04	90.77	2592506	9225	99.6441666865959	86.09	2458926	2545	99.896499528656
N181_BC02	N226_BC06	90.11	2578291	9843	99.6182354900979	85.38	2443011	3078	99.8740079352897
N181_BC02	N226_BC07	89.93	2550721	9854	99.6136778581429	85.13	2414501	3042	99.8740112346195
N181_BC02	N226_BC08	89.68	2579857	10005	99.6121878073087	84.89	2442137	3118	99.8723249350876
N181_BC02	N226_BC12	99.99	3070318	293	99.9904570145503	99.88	3066838	118	99.9961523888774
N181_BC02	N229_BC11	81.73	2141184	104935	95.0992067939981	9.47	248224	10286	95.856162176099
N181_BC02	N229_BC12	76.58	2207999	105200	95.235505088544	11.16	321819	10890	90
N181_BC02	N233_BC11	80.83	2226146	105015	95.2826544170957	12.35	340126	10713	96.8502848944215
N181_BC02	N233_BC12	77.24	2210114	105117	95.2438200020451	11.36	325174	10869	90
N181_BC02	N237_BC09	99.96	3072788	295	99.9903995980198	99.85	3069428	126	99.995895000632
N181_BC02	N238_BC05	95.27	2369130	12243	99.4832280204126	88.85	2209370	4254	99.8074564242295
N185_BC10	N185_BC11	92.69	2589030	7944	99.6931669389694	88.61	2475010	2242	99.9094145074161
N185_BC10	N189_BC09	90.98	2541206	8675	99.6586266520699	86.34	2411626	2195	99.9089825702659
N185_BC10	N190_BC04	96.35	2696545	3179	99.882108401677	94.87	2655165	1109	99.9582323509085
N185_BC10	N193_BC02	92.39	2580651	8113	99.6856219612803	88.18	2463071	2233	99.9093408188396
N185_BC10	N196_BC02	92.70	2589059	7955	99.6927455110139	88.63	2475359	2269	99.9083365281561
N185_BC10	N197_BC10	90.41	2525149	9150	99.6376451449004	85.45	2386749	2229	99.9066093669674
N185_BC10	N198_BC05	91.72	2561901	8533	99.6669270202088	87.19	2435261	2200	99.9096606072203
N185_BC10	N205_BC05	90.84	2537281	10176	99.5989407558721	85.23	2380581	2340	99.9017046678941
N185_BC10	N208_BC08	90.30	2522045	10397	99.587755174868	85.02	2374465	3017	99.8729397990705
N185_BC10	N226_BC04	95.76	2735114	3273	99.8803340555458	94.17	2689714	1002	99.9627469686368
N185_BC10	N226_BC06	99.98	2792504	779	99.9721038895558	99.77	2786584	482	99.9827028361607
N185_BC10	N226_BC07	99.96	2791967	716	99.9743549977489	99.77	2786587	446	99.9839947577449
N185_BC10	N226_BC08	99.81	2787774	823	99.9704782381929	99.58	2781314	499	99.9820588398146
N185_BC10	N226_BC12	89.95	2512374	9934	99.6045970862618	85.04	2375294	3079	99.8703739410785
N185_BC10	N229_BC11	81.76	2142209	104443	95.1245186627449	9.87	258589	10261	96.0319271121355
N185_BC10	N229_BC12	79.57	2222566	104630	95.2923782690818	12.47	348426	10922	90
N185_BC10	N233_BC11	80.66	2221541	103221	95.3536306554774	13.45	370421	10664	97.1211135437786
N185_BC10	N233_BC12	79.57	2222533	104501	95.2981125589586	12.60	351813	10964	90
N185_BC10	N237_BC09	90.53	2528611	9826	99.6114072113109	85.71	2393851	3087	99.8710446055331
N185_BC10	N238_BC05	93.17	2317099	15382	99.3361526633087	84.83	2109619	5007	99.7626585653618
N185_BC11	N189_BC09	92.51	2655642	7762	99.7077166274671	88.26	2533582	1658	99.9345590551243
N185_BC11	N190_BC04	92.87	2599302	7352	99.7171548361829	88.91	2488402	1806	99.9274233021835
N185_BC11	N193_BC02	99.96	2908802	491	99.9831201986247	99.76	2902962	198	99.993179380233
N185_BC11	N196_BC02	100.00	2865535	260	99.9909266506952	99.91	2862815	123	99.9957035295679
N185_BC11	N197_BC10	90.49	2635942	8279	99.6859187341755	86.00	2505142	1738	99.9306226952404
N185_BC11	N198_BC05	92.62	2702075	7580	99.7194748480335	88.54	2583035	1627	99.93701208075
N185_BC11	N205_BC05	94.25	2721728	4331	99.8408731511745	91.82	2651588	823	99.9689619956041
N185_BC11	N208_BC08	91.62	2655241	10284	99.612690524137	86.22	2498621	2452	99.9018658692135
N185_BC11	N226_BC04	92.50	2641917	7101	99.7312178997296	88.71	2533777	1693	99.9331827544413
N185_BC11	N226_BC06	92.26	2639918	7895	99.7009376806401	88.30	2526558	2226	99.9118959469761
N185_BC11	N226_BC07	92.04	2610622	7833	99.699956562076	88.07	2497962	2199	99.9119682365064
N185_BC11	N226_BC08	91.66	2636640	7873	99.7014002670065	87.75	2524160	2248	99.9109406693712
N185_BC11	N226_BC12	89.61	2610155	9563	99.6336232905709	84.70	2467055	2407	99.9024342789277
N185_BC11	N229_BC11	82.29	2155865	106526	95.058781509974	8.90	233125	10388	95.5440214477212
N185_BC11	N229_BC12	76.94	2218393	106874	95.1823684982778	10.44	300913	10999	90
N185_BC11	N233_BC11	81.26	2238145	104979	95.3095532237634	12.79	352385	10690	96.9663861969153
N185_BC11	N233_BC12	77.77	2225262	106881	95.19692512612	10.76	307922	11013	90
N185_BC11	N237_BC09	90.17	2626648	9626	99.6335253143931	85.22	2482528	2419	99.9025590043697
N185_BC11	N238_BC05	94.20	2342689	13166	99.4379962513163	87.59	2178309	4946	99.7729431407573
N189_BC09	N190_BC04	92.05	2576357	8458	99.6717069878126	87.27	2442677	1773	99.92741570007
N189_BC09	N193_BC02	92.23	2647761	7960	99.6993686363686	87.86	2522221	1682	99.933312743015
N189_BC09	N196_BC02	92.51	2655637	7811	99.7058709454643	88.25	2533317	1694	99.9331311478192
N189_BC09	N197_BC10	97.80	2807587	1733	99.9382743971959	96.99	2784247	565	99.9797072601676
N189_BC09	N198_BC05	99.93	2868630	685	99.9761210054974	99.65	2860490	277	99.9903163444025
N189_BC09	N205_BC05	93.84	2693912	9701	99.6398917262331	88.33	2535732	1791	99.9293695075032
N189_BC09	N208_BC08	95.98	2755211	5785	99.7900342296833	93.16	2674391	1743	99.9348262838157
N189_BC09	N226_BC04	91.59	2615953	8323	99.6818367914102	86.95	2483453	1697	99.9316677223205
N189_BC09	N226_BC06	90.60	2592269	8472	99.6731820655958	86.21	2466709	2193	99.9110961203774
N189_BC09	N226_BC07	90.35	2562748	8586	99.6649690098285	85.84	2434768	2186	99.9102173184468
N189_BC09	N226_BC08	89.97	2588081	8653	99.6656596142084	85.49	2459301	2213	99.9100150815211
N189_BC09	N226_BC12	95.65	2745804	5123	99.8134244104823	93.26	2677164	1690	99.9368734974772
N189_BC09	N229_BC11	81.63	2138656	105697	95.0577839540347	8.53	223556	9941	95.5532394567804
N189_BC09	N229_BC12	75.99	2190993	105991	95.1624217877465	9.74	280773	10479	90
N189_BC09	N233_BC11	80.71	2223002	103955	95.3236659256267	12.62	347482	10178	97.0709274149452
N189_BC09	N233_BC12	76.94	2201331	105708	95.1979961214374	10.38	296911	10486	90
N189_BC09	N237_BC09	96.23	2762335	4927	99.8216364054324	93.97	2697515	1685	99.9375351017511
N189_BC09	N238_BC05	94.28	2344577	13818	99.4106399576555	87.01	2163897	4783	99.7789636013174
N190_BC04	N193_BC02	92.58	2591193	7330	99.7171187171314	88.62	2480353	1787	99.9279538033498
N190_BC04	N196_BC02	92.87	2599192	7192	99.7232986251112	89.02	2491392	1801	99.9277110948418
N190_BC04	N197_BC10	91.56	2562544	8904	99.6525327955344	86.50	2420884	1820	99.9248208505653
N190_BC04	N198_BC05	92.79	2596907	8243	99.6825839354278	88.16	2467467	1770	99.9282665178501
N190_BC04	N205_BC05	91.89	2571728	9031	99.6488353356187	86.86	2430928	1990	99.9181382583112
N190_BC04	N208_BC08	91.12	2550154	10055	99.6057100865281	85.82	2401934	2643	99.8899636709418
N190_BC04	N226_BC04	98.37	2809584	473	99.9831647674531	98.21	2804984	242	99.9913724998075
N190_BC04	N226_BC06	96.33	2695966	3132	99.8838264280781	94.87	2654986	1082	99.9592464894353
N190_BC04	N226_BC07	96.31	2695395	3169	99.8824291059381	94.81	2653355	1066	99.9598244486697
N190_BC04	N226_BC08	96.16	2691227	3179	99.8818754419453	94.69	2649967	1115	99.9579240043367
N190_BC04	N226_BC12	90.78	2540759	9502	99.6260172649197	85.91	2404419	2684	99.8883722013509
N190_BC04	N229_BC11	80.88	2119096	102677	95.1546791650779	10.14	265716	10007	96.2339490282858
N190_BC04	N229_BC12	79.63	2228770	103324	95.3640797390489	13.41	375290	10649	90
N190_BC04	N233_BC11	79.81	2198202	101679	95.3744469343582	13.48	371242	10330	90
N190_BC04	N233_BC12	79.64	2228952	103186	95.3706495249786	13.51	378212	10648	90
N190_BC04	N237_BC09	91.38	2557647	9563	99.6261016473344	86.46	2419907	2675	99.8894585618373
N190_BC04	N238_BC05	92.63	2303468	14779	99.3584022005081	84.57	2103068	4758	99.7737590986121
N193_BC02	N196_BC02	99.96	2908802	477	99.9836014964236	99.76	2903082	190	99.9934552313714
N193_BC02	N197_BC10	91.44	2660924	8537	99.6791715960321	86.80	2525904	1785	99.9293322311537
N193_BC02	N198_BC05	92.92	2703911	7749	99.7134151235007	88.73	2581991	1652	99.9360183672213
N193_BC02	N205_BC05	94.43	2747984	4731	99.8278374255454	91.80	2671384	900	99.9663095983206
N193_BC02	N208_BC08	91.35	2647356	10222	99.6138789040839	85.98	2491796	2443	99.9019582662465
N193_BC02	N226_BC04	92.22	2633867	7099	99.7304723435162	88.43	2525627	1686	99.9332442993364
N193_BC02	N226_BC06	91.97	2631544	7839	99.7021140440745	88.03	2518724	2197	99.9127732931437
N193_BC02	N226_BC07	91.75	2602299	7933	99.6951541694479	87.70	2487459	2190	99.9119583478562
N193_BC02	N226_BC08	91.37	2628455	8149	99.6899699633435	87.29	2511035	2277	99.9093202603707
N193_BC02	N226_BC12	90.62	2637058	9518	99.6390674759524	85.74	2495078	2418	99.9030892020209
N193_BC02	N229_BC11	82.01	2148545	105993	95.0667544780305	8.79	230245	10077	95.623357727638
N193_BC02	N229_BC12	77.73	2261821	106364	95.2974174348899	11.97	348381	10691	90
N193_BC02	N233_BC11	80.96	2229724	103834	95.3431904576531	13.05	359464	10320	97.1290588209111
N193_BC02	N233_BC12	77.73	2262029	106330	95.2993529260677	11.97	348289	10642	90
N193_BC02	N237_BC09	91.19	2653543	9554	99.6399530740598	86.31	2511463	2449	99.9024871160754
N193_BC02	N238_BC05	93.87	2334489	13384	99.4266839552467	87.06	2165029	4910	99.7732131994537
N196_BC02	N197_BC10	90.94	2605901	8357	99.6793047778868	86.34	2474061	1764	99.9287002220236
N196_BC02	N198_BC05	92.62	2702075	7547	99.7206961316766	88.58	2584255	1655	99.9359583322853
N196_BC02	N205_BC05	94.27	2722322	4476	99.8355815366441	91.74	2649402	829	99.9687099202009
N196_BC02	N208_BC08	91.64	2655871	10345	99.6104855996394	86.22	2498751	2488	99.9004302549554
N196_BC02	N226_BC04	92.50	2641942	7125	99.7303120204758	88.74	2534442	1749	99.9309907269529
N196_BC02	N226_BC06	92.26	2639923	7836	99.7031731607323	88.37	2528603	2269	99.9102666571225
N196_BC02	N226_BC07	92.04	2610675	7787	99.7017246497553	88.15	2500355	2270	99.9092128917694
N196_BC02	N226_BC08	91.66	2636664	7985	99.6971551930773	87.70	2522884	2295	99.9090326784743
N196_BC02	N226_BC12	90.07	2581084	9681	99.6249250314984	85.05	2437124	2482	99.8981586492932
N196_BC02	N229_BC11	82.33	2156891	107064	95.0361886622922	8.62	225951	10516	95.3458935786963
N196_BC02	N229_BC12	77.24	2213272	107487	95.1435250615378	10.01	286872	11166	90
N196_BC02	N233_BC11	81.25	2237684	106088	95.2590267437225	12.11	333404	10873	96.7387913762282
N196_BC02	N233_BC12	77.81	2226401	107318	95.179754231156	10.62	303801	11187	90
N196_BC02	N237_BC09	90.65	2597594	9762	99.6241906933878	85.58	2452334	2498	99.8981378556102
N196_BC02	N238_BC05	94.20	2342640	13350	99.4301301096199	87.57	2177640	5099	99.765847431164
N197_BC10	N198_BC05	97.84	2854415	1382	99.9515837746088	97.22	2836195	470	99.983428501919
N197_BC10	N205_BC05	93.13	2689226	9965	99.6294472833447	87.50	2526686	1837	99.9272960708216
N197_BC10	N208_BC08	95.99	2781846	6472	99.7673487317414	92.79	2688966	1827	99.9320556674945
N197_BC10	N226_BC04	91.09	2601659	8766	99.6630611467529	86.18	2461299	1747	99.9290212200956
N197_BC10	N226_BC06	90.04	2576462	9041	99.6490924376141	85.27	2440022	2218	99.9090991802533
N197_BC10	N226_BC07	89.78	2546667	9110	99.6422775337333	84.91	2408567	2204	99.9084933074313
N197_BC10	N226_BC08	89.53	2575551	9190	99.6431831479943	84.71	2436871	2255	99.9074633002732
N197_BC10	N226_BC12	91.71	2816014	5706	99.7973731664686	89.14	2737134	1761	99.9356626310586
N197_BC10	N229_BC11	81.26	2129062	104788	95.0782081498801	8.56	224262	9547	95.7429256851361
N197_BC10	N229_BC12	75.65	2181087	105072	95.1825855639871	9.71	279847	10009	90
N197_BC10	N233_BC11	80.36	2213230	104148	95.2942983783881	11.90	327610	9866	96.9884924147615
N197_BC10	N233_BC12	76.57	2190886	105233	95.1967834017836	10.05	287426	10059	90
N197_BC10	N237_BC09	91.70	2814260	5737	99.7961453454905	89.12	2735180	1782	99.9348488947711
N197_BC10	N238_BC05	93.44	2323719	14017	99.3967859280748	85.87	2135439	4602	99.7844939611949
N198_BC05	N205_BC05	93.93	2740472	9401	99.6569569037742	88.68	2587372	1745	99.9325570501652
N198_BC05	N208_BC08	96.68	2801804	5375	99.8081593144988	94.14	2728304	1699	99.9377268808754
N198_BC05	N226_BC04	92.36	2637812	8089	99.6933443323482	87.88	2509832	1689	99.9327046591166
N198_BC05	N226_BC06	91.32	2612985	8258	99.6839629772081	87.09	2492005	2208	99.9113966464754
N198_BC05	N226_BC07	91.08	2583509	8408	99.674551162779	86.69	2459109	2187	99.9110653492789
N198_BC05	N226_BC08	90.82	2612720	8500	99.6746685446584	86.46	2487340	2230	99.910345992104
N198_BC05	N226_BC12	95.68	2791547	4677	99.8324584898624	93.59	2730547	1626	99.9404514919538
N198_BC05	N229_BC11	82.39	2158654	106957	95.0451994622575	8.74	229014	10474	95.4264804771761
N198_BC05	N229_BC12	76.68	2210769	107233	95.1495158472007	10.01	288729	11130	90
N198_BC05	N233_BC11	81.43	2242725	105665	95.2885440702717	12.58	346565	10856	96.8675428851731
N198_BC05	N233_BC12	77.61	2220497	106953	95.1833756136577	10.63	304237	11139	90
N198_BC05	N237_BC09	96.25	2808085	4456	99.841315344799	94.30	2751145	1608	99.9415516085121
N198_BC05	N238_BC05	94.91	2360339	13560	99.4255062514325	88.02	2188979	4991	99.771994158007
N205_BC05	N208_BC08	93.72	2716083	11529	99.5755284356185	87.53	2536723	2560	99.8990823988271
N205_BC05	N226_BC04	91.57	2615491	8783	99.6641930712054	86.75	2477951	1905	99.9231219664957
N205_BC05	N226_BC06	90.46	2588290	10186	99.6064583180401	84.96	2430930	2317	99.9046866836972
N205_BC05	N226_BC07	90.20	2558465	10185	99.6019097388473	84.64	2400645	2293	99.9044840032575
N205_BC05	N226_BC08	89.89	2585738	10371	99.5989152806665	84.32	2425638	2365	99.9024998783825
N205_BC05	N226_BC12	92.52	2671704	11455	99.5712474136356	86.34	2493384	2538	99.8982106245969
N205_BC05	N229_BC11	82.61	2164223	104197	95.1854776517947	10.60	277663	9868	96.4460515084833
N205_BC05	N229_BC12	76.80	2214225	104470	95.2818706319367	11.49	331265	10321	90
N205_BC05	N233_BC11	81.55	2246033	102782	95.4238428375719	14.25	392493	10104	97.4256865727542
N205_BC05	N233_BC12	77.61	2220705	104483	95.295052697229	11.83	338525	10373	90
N205_BC05	N237_BC09	93.09	2688128	10866	99.5957781772297	87.27	2520108	2464	99.9022264125188
N205_BC05	N238_BC05	94.81	2357885	15994	99.321680234617	85.98	2138205	5009	99.7657380840471
N208_BC08	N226_BC04	90.52	2585343	9840	99.6193928619916	85.40	2439163	2530	99.8962758946409
N208_BC08	N226_BC06	89.86	2571254	10252	99.6012840427278	84.79	2426214	2999	99.8763917774772
N208_BC08	N226_BC07	89.68	2543600	10330	99.5938826859569	84.48	2395980	2948	99.8769605756308
N208_BC08	N226_BC08	89.44	2572793	10506	99.5916500083761	84.27	2424093	3070	99.8733546938999
N208_BC08	N226_BC12	99.39	2880403	901	99.9687196548539	98.98	2868423	301	99.9895064291424
N208_BC08	N229_BC11	81.35	2131388	104552	95.0946519357339	8.96	234808	9722	95.8595959251814
N208_BC08	N229_BC12	76.23	2197896	104782	95.2326224716729	10.64	306856	10229	90
N208_BC08	N233_BC11	80.46	2216087	103884	95.312277902447	12.31	338927	10025	97.0421359171739
N208_BC08	N233_BC12	76.89	2199920	104681	95.2415996945344	10.87	311100	10239	90
N208_BC08	N237_BC09	99.97	2897288	905	99.968763892302	99.57	2885608	320	99.9889104826435
N208_BC08	N238_BC05	95.13	2365699	12390	99.4762647319038	88.47	2200039	4106	99.8133669448587
N226_BC04	N226_BC06	95.74	2734414	3209	99.8826439595467	94.20	2690374	1006	99.9626074293017
N226_BC04	N226_BC07	95.72	2733910	3160	99.8844146295964	94.20	2690370	982	99.9634994443144
N226_BC04	N226_BC08	95.57	2729619	3220	99.8820348187787	94.05	2686119	1044	99.9611335164228
N226_BC04	N226_BC12	90.18	2575594	9183	99.6434608870808	85.53	2442854	2545	99.8958185794157
N226_BC04	N229_BC11	80.18	2100755	100840	95.1998210167297	10.92	286115	10107	96.4675043251839
N226_BC04	N229_BC12	79.69	2276165	101447	95.5430735469529	16.20	462825	10779	90
N226_BC04	N233_BC11	78.86	2252510	100796	95.5251696995796	15.69	448050	10572	90
N226_BC04	N233_BC12	79.70	2276377	101300	95.5499462523123	16.32	466137	10787	90
N226_BC04	N237_BC09	90.78	2592854	9303	99.6412061766686	86.06	2457914	2555	99.8960500652179
N226_BC04	N238_BC05	91.83	2283683	14578	99.3616452020705	83.99	2088643	4825	99.7689887644753
N226_BC06	N226_BC07	99.94	2834597	649	99.9771043291163	99.79	2830377	437	99.9845603606869
N226_BC06	N226_BC08	99.71	2868390	736	99.9743410066274	99.53	2863310	481	99.9832012600801
N226_BC06	N226_BC12	89.52	2561571	9844	99.6157045812902	84.82	2427011	3115	99.8716528272843
N226_BC06	N229_BC11	81.73	2141287	104419	95.1235401886809	9.95	260607	10384	96.0154562233555
N226_BC06	N229_BC12	79.10	2263344	104645	95.3765313624442	13.70	391904	11072	90
N226_BC06	N233_BC11	80.63	2220783	103005	95.3617710510212	13.61	374983	10714	97.1428038071059
N226_BC06	N233_BC12	79.11	2263595	104257	95.3941849138207	13.93	398615	11007	90
N226_BC06	N237_BC09	90.09	2577816	9788	99.6202987335015	85.42	2444176	3105	99.8729633217902
N226_BC06	N238_BC05	93.15	2316502	15306	99.3392623878589	84.96	2112822	5121	99.7576227434209
N226_BC07	N226_BC08	99.77	2829840	702	99.9751929437707	99.59	2824720	445	99.9842462261746
N226_BC07	N226_BC12	89.34	2533927	9920	99.6085127945675	84.53	2397447	3095	99.8709043411596
N226_BC07	N229_BC11	81.71	2140892	103942	95.1449209021286	10.28	269372	10365	96.1521613233744
N226_BC07	N229_BC12	79.23	2247274	104698	95.3411110527688	13.28	376654	11166	90
N226_BC07	N233_BC11	80.63	2220708	103403	95.3436921918595	13.42	369568	10845	97.0654926833492
N226_BC07	N233_BC12	79.24	2247446	104637	95.3441817956916	13.32	377846	11156	90
N226_BC07	N237_BC09	89.91	2550163	9888	99.6122600790616	85.10	2413863	3072	99.8727351137989
N226_BC07	N238_BC05	93.14	2316296	15243	99.341923484736	84.98	2113416	5098	99.7587791518565
N226_BC08	N226_BC12	89.10	2563126	10033	99.6085639176537	84.32	2425486	3150	99.8701291205144
N226_BC08	N229_BC11	81.60	2137893	104401	95.1166405428148	9.81	257013	10356	95.9706318357437
N226_BC08	N229_BC12	78.51	2258508	104693	95.3645061252827	13.40	385368	11035	90
N226_BC08	N233_BC11	80.52	2217553	103389	95.3376988058459	13.27	365433	10782	97.0495275467733
N226_BC08	N233_BC12	78.51	2258505	104589	95.3691047839168	13.49	388025	11064	90
N226_BC08	N237_BC09	89.66	2579342	9977	99.6131959236115	84.91	2442562	3137	99.8715692784871
N226_BC08	N238_BC05	93.01	2313116	15354	99.3362200598673	84.80	2108976	5146	99.7559953266419
N226_BC12	N229_BC11	81.14	2125850	104455	95.0864360138298	9.32	244230	10373	95.7527740244851
N226_BC12	N229_BC12	76.05	2192616	104709	95.2244715901006	11.09	319816	11068	90
N226_BC12	N233_BC11	80.24	2210045	103454	95.3189188455439	12.93	356065	10754	96.9797649305604
N226_BC12	N233_BC12	76.71	2194710	104578	95.2349968788587	11.35	324690	11076	90
N226_BC12	N237_BC09	99.97	3069847	218	99.9928986688913	99.88	3067207	85	99.9972287491519
N226_BC12	N238_BC05	94.58	2352133	12178	99.4822571682809	88.27	2195233	4332	99.8026633163769
N229_BC11	N229_BC12	99.99	2619778	1196	99.954347276754	99.23	2599738	193	99.9925761749838
N229_BC11	N233_BC11	99.99	2619778	1252	99.9522096910502	99.18	2598618	193	99.9925729753276
N229_BC11	N233_BC12	99.92	2617908	1198	99.9542382696413	99.16	2597928	198	99.9923785416686
N229_BC11	N237_BC09	81.74	2141684	104704	95.1111368437174	9.77	255984	10418	95.9302143883993
N229_BC11	N238_BC05	84.87	2110671	101774	95.1781210809264	11.28	280591	10269	96.3402247399239
N229_BC12	N233_BC11	100.00	2754201	672	99.9756009093018	99.59	2742821	102	99.9962812009971
N229_BC12	N233_BC12	100.00	2861221	572	99.9800085348178	99.67	2851801	100	99.9964934439675
N229_BC12	N237_BC09	76.74	2212543	104982	95.2551430638862	11.65	335763	11142	90
N229_BC12	N238_BC05	86.47	2150492	101931	95.2601079194901	13.32	331272	10969	96.6888236856722
N233_BC11	N233_BC12	99.86	2750469	616	99.9776038195668	99.49	2740349	109	99.9960224044456
N233_BC11	N237_BC09	80.82	2226005	105142	95.2766503219894	12.41	341885	10935	96.8015560787984
N233_BC11	N238_BC05	86.04	2139559	100784	95.2894965738267	13.57	337419	10676	96.835981376271
N233_BC12	N237_BC09	77.38	2213878	105210	95.2477056097942	11.63	332638	11147	90
N233_BC12	N238_BC05	86.48	2150560	101911	95.261187783647	13.30	330660	10915	96.6990261900442
N237_BC09	N238_BC05	95.26	2368920	12192	99.4853350894078	88.98	2212840	4387	99.8017479799714
