N101_BC03	N101_BC04	99.95	5256531	9118	99.8265395942685	97.25	5114291	2005	99.9607961299034
N101_BC03	N106_BC07	97.08	5105288	7914	99.844984259458	94.81	4985768	1937	99.9611494156968
N101_BC03	N106_BC08	99.98	5257779	7561	99.8561940317385	97.86	5146539	1998	99.9611777934647
N101_BC03	N107_BC04	88.38	4448785	244868	94.4958454948935	-2.73	-137655	15545	90
N101_BC03	N112_BC02	87.32	4592133	36733	99.2000884991789	77.72	4087213	11486	99.718977210143
N101_BC03	N112_BC08	89.82	4688661	37149	99.2076842407673	80.14	4183241	11877	99.7160813828321
N101_BC03	N112_BC09	89.83	4679084	37149	99.2060625541238	80.09	4171984	11793	99.7173287337631
N101_BC03	N112_BC10	89.85	4682152	37258	99.2042547956581	80.09	4173352	11817	99.7168463144254
N101_BC03	N115_BC04	87.71	4612747	36975	99.198416908623	78.01	4102787	11476	99.7202876971191
N101_BC03	N115_BC05	89.38	4674596	38700	99.1721209704539	78.72	4116996	10819	99.7372113064963
N101_BC03	N115_BC06	89.40	4701581	38223	99.187018154106	79.04	4156741	10980	99.7358507542327
N101_BC03	N115_BC07	89.43	4696379	37406	99.2035140264446	79.38	4168779	11025	99.735534073646
N101_BC03	N126_BC04	90.51	4670486	37096	99.2057357628307	80.54	4156126	11377	99.7262595022384
N101_BC03	N126_BC05	90.40	4633665	38529	99.1684983700807	79.56	4078125	10751	99.7363739463602
N101_BC03	N126_BC07	90.47	4628579	38374	99.1709334549545	79.82	4083679	11128	99.7275006189272
N101_BC03	N136_BC12	96.32	5036483	11191	99.7778012950704	92.93	4858983	2315	99.9523562852556
N101_BC03	N137_BC01	96.24	4902918	11357	99.7683624323311	92.66	4720298	2225	99.9528631455048
N101_BC03	N137_BC02	96.29	5047006	10279	99.796334698235	93.20	4884906	2173	99.9555160324477
N101_BC03	N137_BC03	99.84	5250393	8454	99.8389834818079	97.39	5121813	2024	99.9604827431224
N101_BC03	N137_BC04	90.48	4600788	39117	99.1497760818364	79.43	4038848	11019	99.7271746795126
N101_BC03	N150_BC07	99.66	4780190	14562	99.6953677573485	94.74	4544290	2766	99.9391324057223
N101_BC03	N154_BC03	90.02	4734010	40969	99.1345814647624	78.84	4146290	11582	99.7206659447361
N101_BC03	N157_BC05	91.94	4686826	36840	99.213966978932	82.09	4184726	11734	99.7195993238267
N101_BC03	N161_BC11	90.21	4625148	41190	99.1094339035205	78.77	4038848	11874	99.7060052767522
N101_BC03	N161_BC12	90.22	4444820	42880	99.0352815187117	77.41	3813520	11314	99.7033187186641
N101_BC03	N182_BC09	90.03	4593368	38195	99.1684750710154	79.52	4057108	11381	99.7194799842647
N101_BC03	N194_BC12	89.63	4676627	37924	99.1890736635614	79.64	4155507	11867	99.7144271445097
N101_BC03	N195_BC10	91.95	4675030	36957	99.209481008678	81.98	4167970	11603	99.7216150788034
N101_BC03	N197_BC12	93.92	4754435	38840	99.1830785361457	83.17	4210275	11631	99.7237472611646
N101_BC03	N200_BC07	87.50	4601507	44825	99.0258626141392	74.70	3928207	11159	99.7159263755703
N101_BC03	N201_BC03	89.41	4657484	44034	99.0545539179523	76.64	3992024	10760	99.7304625423094
N101_BC03	N214_BC11	90.23	4745350	37657	99.2064442032727	80.41	4228830	11830	99.7202535926013
N101_BC03	N215_BC08	89.94	4626964	40184	99.1315255532569	78.79	4053424	11506	99.7161412178938
N101_BC03	N215_BC09	91.81	4675351	36533	99.2186041219151	82.06	4178611	11695	99.7201223085853
N101_BC03	N216_BC03	99.48	5231874	9123	99.825626534584	96.88	5094934	2275	99.9553478023464
N101_BC03	N222_BC10	90.45	4770821	38565	99.1916485653098	80.30	4235281	11787	99.7216949713608
N101_BC03	N225_BC01	99.96	5257093	9705	99.8153922709756	97.14	5108773	2288	99.9552142950959
N101_BC03	N225_BC04	89.32	4706765	38576	99.180413723651	79.00	4162745	11374	99.7267668329432
N101_BC03	N225_BC12	90.48	4611636	40351	99.1250176726871	79.14	4033556	11446	99.7162305419833
N101_BC03	N229_BC03	99.80	5248478	9148	99.825701851089	97.15	5108958	2171	99.9575060119891
N101_BC03	N233_BC07	98.86	5199178	9806	99.8113932625504	96.01	5049358	2314	99.9541723918169
N101_BC03	N237_BC04	88.27	4609754	36948	99.1984821749707	78.64	4106854	11802	99.7126267454358
N101_BC04	N106_BC07	99.97	5324600	4303	99.9191864177591	98.89	5266820	1413	99.973171667154
N101_BC04	N106_BC08	99.97	5460394	3814	99.9301515604918	99.06	5410574	1322	99.9755663631992
N101_BC04	N107_BC04	91.11	4586531	252130	94.5028170528009	-1.85	-93109	18147	90
N101_BC04	N112_BC02	89.67	4786380	34784	99.2732712404782	81.42	4345860	12757	99.7064562595206
N101_BC04	N112_BC08	92.46	4826316	35428	99.2659411443428	83.97	4383116	13267	99.6973157908666
N101_BC04	N112_BC09	92.48	4816867	35275	99.2676775173572	83.96	4373167	13089	99.7006974579292
N101_BC04	N112_BC10	92.49	4819242	35112	99.2714206922997	84.06	4379742	13136	99.7000736573068
N101_BC04	N115_BC04	89.66	4811898	35142	99.2696852676428	81.34	4365358	12814	99.7064616464446
N101_BC04	N115_BC05	92.15	4819458	36980	99.2326938008382	82.64	4322138	12113	99.719745181667
N101_BC04	N115_BC06	92.19	4836646	36646	99.2423261905047	82.93	4350626	12344	99.7162707159843
N101_BC04	N115_BC07	92.22	4842950	36091	99.2547724011192	83.24	4371490	12517	99.7136674223205
N101_BC04	N126_BC04	93.20	4808987	34759	99.2772074451439	84.71	4371127	12865	99.7056823103058
N101_BC04	N126_BC05	93.15	4774629	36714	99.2310606750807	83.58	4283909	12177	99.7157502645364
N101_BC04	N126_BC07	93.18	4767096	35990	99.2450330347868	83.98	4296276	12448	99.7102607001971
N101_BC04	N136_BC12	99.97	5227624	7601	99.854599336142	97.83	5115804	2009	99.960729535377
N101_BC04	N137_BC01	99.96	5092580	8087	99.8412003346045	97.55	4969980	1956	99.9606437048036
N101_BC04	N137_BC02	99.97	5239779	6856	99.8691547868717	98.07	5140419	1887	99.9632909301751
N101_BC04	N137_BC03	99.96	5453824	4874	99.9106315128614	98.76	5388364	1600	99.9703063861313
N101_BC04	N137_BC04	93.30	4744049	36960	99.2209186709496	83.65	4253349	12424	99.7079007624345
N101_BC04	N150_BC07	99.94	4793759	11037	99.7697631441213	96.46	4627039	2700	99.941647347256
N101_BC04	N154_BC03	92.03	4871012	38763	99.2042105418751	82.28	4355192	12971	99.7021715690146
N101_BC04	N157_BC05	94.66	4825431	34604	99.2828827103734	86.31	4399911	13327	99.6971075096746
N101_BC04	N161_BC11	93.07	4771909	39441	99.1734754371888	82.87	4249109	13300	99.6869932025749
N101_BC04	N161_BC12	93.19	4591053	41313	99.100141078746	81.62	4020853	12802	99.6816098474627
N101_BC04	N182_BC09	93.34	4762427	37967	99.2027804310701	83.48	4259107	12800	99.6994675174867
N101_BC04	N194_BC12	92.27	4814465	36253	99.2469983684584	83.54	4358945	13476	99.6908426236165
N101_BC04	N195_BC10	94.68	4814145	34836	99.2763824105838	86.19	4382225	13239	99.6978931935261
N101_BC04	N197_BC12	94.46	4781986	35958	99.2480530055922	85.32	4319266	12821	99.7031671584941
N101_BC04	N200_BC07	89.74	4842338	43050	99.110966644625	78.48	4234558	12660	99.7010313709247
N101_BC04	N201_BC03	92.22	4804085	42997	99.1049908567396	80.41	4188885	12236	99.707893628018
N101_BC04	N214_BC11	92.12	4923274	35332	99.2823474785275	83.86	4481614	13248	99.70439221227
N101_BC04	N215_BC08	93.11	4790324	38485	99.196609665651	83.24	4282584	13097	99.6941799623778
N101_BC04	N215_BC09	94.55	4814953	34427	99.284998212859	86.20	4389833	13170	99.6999885872652
N101_BC04	N216_BC03	99.86	5700313	5513	99.90328601254	98.53	5624553	1724	99.9693486753525
N101_BC04	N222_BC10	93.68	4940731	38418	99.2224227548515	84.16	4438431	13302	99.7002994977279
N101_BC04	N225_BC01	99.97	5609415	6208	99.8893289228913	98.44	5523535	1913	99.9653663822172
N101_BC04	N225_BC04	92.10	4853054	37087	99.2358007967766	82.89	4367494	12808	99.7067425851072
N101_BC04	N225_BC12	93.33	4757033	38293	99.1950234526437	83.35	4248313	12856	99.6973857623014
N101_BC04	N229_BC03	99.82	5600875	5710	99.8980516437164	98.42	5522075	1769	99.9679649407152
N101_BC04	N233_BC07	99.25	5464519	6092	99.8885171778156	97.71	5379959	1863	99.9653714833143
N101_BC04	N237_BC04	91.09	4756908	34850	99.2673812484917	82.87	4327588	13383	99.6907515225571
N106_BC07	N106_BC08	99.96	5323851	2678	99.9496980663058	99.34	5290771	1023	99.9806644438022
N106_BC07	N107_BC04	91.15	4588649	251738	94.5138972277025	-1.32	-66471	18981	90
N106_BC07	N112_BC02	89.13	4747012	33486	99.2945878375702	81.48	4339372	13103	99.6980438644117
N106_BC07	N112_BC08	92.40	4823212	34455	99.2856420161502	84.43	4406932	13640	99.6904876226817
N106_BC07	N112_BC09	92.41	4813419	34320	99.2869932993575	84.42	4397359	13516	99.6926336921775
N106_BC07	N112_BC10	92.42	4815799	34251	99.2887784560776	84.48	4401819	13551	99.6921499952633
N106_BC07	N115_BC04	89.52	4767959	33757	99.2920031401277	81.77	4355399	13128	99.6985810025672
N106_BC07	N115_BC05	92.00	4811176	35829	99.255296418173	83.06	4343776	12458	99.7131988389825
N106_BC07	N115_BC06	92.02	4828107	35384	99.2671247758179	83.38	4374667	12711	99.7094407414324
N106_BC07	N115_BC07	92.04	4833526	33516	99.3065931578727	83.98	4410166	12347	99.7200332141693
N106_BC07	N126_BC04	93.19	4808705	33980	99.2933648456289	85.14	4393265	13207	99.699380756681
N106_BC07	N126_BC05	93.14	4773823	35755	99.2510195706879	84.06	4308383	12482	99.7102857382921
N106_BC07	N126_BC07	93.17	4767020	35183	99.2619498135103	84.41	4318820	12772	99.7042710740434
N106_BC07	N136_BC12	99.99	5228702	6466	99.876336421544	98.28	5139202	1990	99.9612780349945
N106_BC07	N137_BC01	99.99	5093659	6773	99.8670307533347	98.06	4995399	1859	99.9627857554522
N106_BC07	N137_BC02	99.98	5240675	5803	99.8892699890758	98.45	5160675	1802	99.9650820871301
N106_BC07	N137_BC03	99.95	5323151	3928	99.9262091193731	99.03	5274031	1471	99.972108620522
N106_BC07	N137_BC04	92.64	4710567	35738	99.2413227537152	83.59	4250447	12731	99.7004785614313
N106_BC07	N150_BC07	97.46	4674644	10028	99.785480990638	94.42	4528704	2730	99.9397178530546
N106_BC07	N154_BC03	92.09	4904916	38127	99.222677819559	82.84	4412216	13491	99.6942352776927
N106_BC07	N157_BC05	94.60	4822018	33730	99.3005003299449	86.75	4421638	13710	99.6899339113695
N106_BC07	N161_BC11	93.10	4773456	38337	99.1968711977234	83.48	4280016	13664	99.6807488570136
N106_BC07	N161_BC12	93.22	4592458	40181	99.1250654878063	82.18	4048778	12996	99.6790142605991
N106_BC07	N182_BC09	93.31	4760816	37210	99.2184112975591	83.93	4281996	13268	99.6901445027039
N106_BC07	N194_BC12	92.21	4811411	35186	99.2686968542076	83.99	4382331	13731	99.6866735990504
N106_BC07	N195_BC10	94.61	4810481	33697	99.2995087185668	86.70	4408081	13576	99.6920201783951
N106_BC07	N197_BC12	94.43	4780183	35012	99.2675594218882	85.80	4343563	13180	99.6965624764738
N106_BC07	N200_BC07	89.33	4757499	42016	99.1168468979184	78.43	4177059	12993	99.6889438238723
N106_BC07	N201_BC03	92.06	4795531	41415	99.1363834369958	81.00	4219571	12616	99.7010122593031
N106_BC07	N214_BC11	92.30	4915934	34520	99.297793664439	84.48	4499654	13705	99.6954210257055
N106_BC07	N215_BC08	93.16	4792446	37221	99.2233402316896	83.89	4315586	13377	99.6900305080237
N106_BC07	N215_BC09	94.48	4811181	33568	99.3022918904942	86.63	4411441	13580	99.6921640797191
N106_BC07	N216_BC03	99.51	5299899	4258	99.919658846329	98.50	5246339	1579	99.9699028217582
N106_BC07	N222_BC10	93.64	4939121	37514	99.2404721406906	84.65	4464781	13796	99.6910038812654
N106_BC07	N225_BC01	99.98	5324745	4853	99.9088594852899	98.79	5261565	1693	99.9678232617102
N106_BC07	N225_BC04	91.93	4844402	35923	99.2584636865396	83.34	4391582	13281	99.6975805074345
N106_BC07	N225_BC12	92.72	4725835	37204	99.2127528785918	83.35	4248055	13314	99.6865859787597
N106_BC07	N229_BC03	99.91	5321242	4244	99.9202441835947	98.91	5268222	1592	99.9697810760443
N106_BC07	N233_BC07	99.61	5305460	4792	99.9096779544092	98.46	5244300	1733	99.9669545983258
N106_BC07	N237_BC04	90.26	4713614	33401	99.2913929736292	82.72	4319614	13700	99.6828420317186
N106_BC08	N107_BC04	91.13	4587523	252401	94.4980984291523	-1.52	-76377	19205	90
N106_BC08	N112_BC02	89.60	4782487	33335	99.3029777184967	82.09	4381547	13287	99.6967509420759
N106_BC08	N112_BC08	92.48	4827172	34012	99.295405260057	84.75	4423592	13832	99.6873129348276
N106_BC08	N112_BC09	92.49	4817749	33800	99.2984275436516	84.77	4415429	13683	99.6901093868795
N106_BC08	N112_BC10	92.49	4819689	33855	99.2975687850399	84.75	4416309	13685	99.6901258494367
N106_BC08	N115_BC04	89.59	4808117	33689	99.2993306943238	81.99	4400477	13306	99.6976236894319
N106_BC08	N115_BC05	92.10	4816811	35600	99.2609218007516	83.30	4356391	12578	99.7112747684953
N106_BC08	N115_BC06	92.13	4833855	35256	99.2706442373633	83.58	4385095	12817	99.7077144280797
N106_BC08	N115_BC07	92.16	4839783	34610	99.2848852934109	83.92	4407103	12975	99.7055889095399
N106_BC08	N126_BC04	93.22	4809928	33376	99.3061018792797	85.44	4408668	13312	99.6980493881599
N106_BC08	N126_BC05	93.15	4774478	35206	99.2626209608673	84.35	4323298	12646	99.7074918268414
N106_BC08	N126_BC07	93.20	4768315	34672	99.2728668303164	84.65	4331055	12808	99.7042752862755
N106_BC08	N136_BC12	99.99	5228550	6151	99.8823574413556	98.38	5144190	1932	99.9624430668385
N106_BC08	N137_BC01	99.98	5093541	6541	99.8715824610031	98.16	5000641	1895	99.9621048581572
N106_BC08	N137_BC02	99.98	5240491	5384	99.8972615352264	98.61	5168471	1782	99.9655217181251
N106_BC08	N137_BC03	99.98	5454637	3495	99.935926075374	99.22	5413337	1429	99.973602234629
N106_BC08	N137_BC04	93.28	4743023	35745	99.2463667159109	84.31	4286783	12932	99.6983285601347
N106_BC08	N150_BC07	99.96	4794748	9850	99.794566888604	97.02	4653888	2806	99.9397063272687
N106_BC08	N154_BC03	92.06	4872461	37864	99.2228978333536	82.91	4388221	13651	99.6889172172504
N106_BC08	N157_BC05	94.69	4826625	33347	99.3091031517883	87.03	4436085	13819	99.6884865822003
N106_BC08	N161_BC11	93.09	4773228	38214	99.1994097076444	83.57	4285208	13812	99.6776819234912
N106_BC08	N161_BC12	93.22	4592460	39702	99.1354960086751	82.50	4064580	13307	99.6726107002446
N106_BC08	N182_BC09	93.37	4764003	36908	99.2252733677959	84.12	4292243	13319	99.6896960400425
N106_BC08	N194_BC12	92.29	4815688	34750	99.2784000956873	84.31	4399348	13932	99.6833167096579
N106_BC08	N195_BC10	94.70	4815223	33403	99.3063041940114	86.94	4420423	13662	99.6909345553582
N106_BC08	N197_BC12	94.50	4783547	34813	99.2722345991374	86.03	4354867	13378	99.6928034771211
N106_BC08	N200_BC07	89.67	4838348	41683	99.1384869381037	79.07	4266448	13087	99.693257716958
N106_BC08	N201_BC03	92.17	4801183	41471	99.1362337157321	81.13	4225943	12708	99.6992860528407
N106_BC08	N214_BC11	92.15	4924854	34137	99.306842395734	84.53	4517354	13761	99.6953747702748
N106_BC08	N215_BC08	93.15	4792214	36996	99.2279977480137	84.04	4323554	13562	99.6863228723407
N106_BC08	N215_BC09	94.57	4816094	33201	99.3106239205464	86.92	4426414	13716	99.6901329157191
N106_BC08	N216_BC03	99.51	5435151	3979	99.9267913623743	98.61	5386171	1529	99.9716124868668
N106_BC08	N222_BC10	93.70	4942217	37223	99.2468359847413	84.87	4476477	13935	99.6887060963342
N106_BC08	N225_BC01	99.98	5460556	4630	99.9152100994844	98.91	5402336	1718	99.9681989420873
N106_BC08	N225_BC04	92.04	4850045	35836	99.2611202576471	83.52	4401205	13393	99.6956969738969
N106_BC08	N225_BC12	93.31	4755835	37169	99.2184548034152	83.98	4280355	13394	99.6870820294111
N106_BC08	N229_BC03	99.82	5451961	3970	99.9271821643625	98.90	5401961	1469	99.9728061716847
N106_BC08	N233_BC07	98.91	5402451	4753	99.9120214139841	97.81	5342611	1760	99.9670573058754
N106_BC08	N237_BC04	90.97	4750539	33352	99.2979322977877	83.48	4359359	13792	99.6836232115777
N107_BC04	N112_BC02	88.81	4470866	247774	94.4580311733789	-2.45	-123354	18062	90
N107_BC04	N112_BC08	90.17	4539270	251924	94.4501208344073	-2.54	-128030	18558	90
N107_BC04	N112_BC09	90.16	4538659	252328	94.44047239504	-2.73	-137541	18517	90
N107_BC04	N112_BC10	90.16	4538752	252223	94.4428997222144	-2.71	-136548	18457	90
N107_BC04	N115_BC04	89.23	4491663	248805	94.460737593181	-2.40	-120757	18183	90
N107_BC04	N115_BC05	90.26	4543899	252214	94.4493924710915	-2.89	-145561	17740	90
N107_BC04	N115_BC06	90.42	4551557	252695	94.4481635624908	-2.77	-139363	18148	90
N107_BC04	N115_BC07	90.42	4551535	253622	94.4277699721083	-3.05	-153325	18378	90
N107_BC04	N126_BC04	90.75	4568130	252426	94.4741940356338	-2.18	-109930	18522	90
N107_BC04	N126_BC05	90.16	4538798	250197	94.4875934112952	-2.43	-122402	17136	90
N107_BC04	N126_BC07	89.92	4526654	249635	94.4852202090109	-2.26	-113926	17605	90
N107_BC04	N136_BC12	90.19	4540030	250992	94.4715783816407	-2.61	-131290	17425	90
N107_BC04	N137_BC01	88.18	4438798	244368	94.4947258244236	-2.28	-114662	16694	90
N107_BC04	N137_BC02	90.27	4543950	250249	94.4926990833966	-2.12	-106870	17707	90
N107_BC04	N137_BC03	91.12	4587082	251953	94.5073360362862	-1.54	-77378	18729	90
N107_BC04	N137_BC04	88.20	4439821	243121	94.5240810384022	-1.75	-87959	16731	90
N107_BC04	N150_BC07	84.14	4035553	228515	94.3374551145778	-4.92	-235867	14943	90
N107_BC04	N154_BC03	90.32	4546446	257175	94.3433838211209	-4.91	-246914	17506	90
N107_BC04	N157_BC05	90.49	4555232	253713	94.4302946589767	-2.75	-138648	19018	90
N107_BC04	N161_BC11	89.74	4517537	254396	94.3687013520863	-4.25	-213943	17821	90
N107_BC04	N161_BC12	87.81	4325849	246842	94.2937906524245	-5.91	-291211	15988	90
N107_BC04	N182_BC09	86.97	4378122	248368	94.3270653490241	-4.70	-236658	17628	90
N107_BC04	N194_BC12	89.65	4513141	255189	94.3456453055643	-4.27	-215019	18780	90
N107_BC04	N195_BC10	90.37	4549390	255499	94.383884432858	-3.64	-183490	18854	90
N107_BC04	N197_BC12	87.64	4436495	248792	94.3921496586833	-3.63	-183965	17768	90
N107_BC04	N200_BC07	89.02	4480993	255899	94.2892345513595	-6.24	-314327	16132	90
N107_BC04	N201_BC03	89.65	4513153	258157	94.2798970032702	-6.31	-317847	16606	90
N107_BC04	N214_BC11	90.61	4561163	258249	94.3380887725345	-4.45	-223817	18999	90
N107_BC04	N215_BC08	89.40	4500562	254320	94.3491501728006	-4.44	-223758	18103	90
N107_BC04	N215_BC09	90.24	4542845	255109	94.3843780714508	-3.49	-175595	19186	90
N107_BC04	N216_BC03	90.82	4572070	257157	94.3754798154884	-3.72	-187270	19189	90
N107_BC04	N222_BC10	90.55	4558444	258018	94.3397791000613	-4.44	-223356	18927	90
N107_BC04	N225_BC01	91.17	4589644	258060	94.3773416848888	-3.86	-194476	18853	90
N107_BC04	N225_BC04	90.11	4536042	256255	94.3506916382168	-4.32	-217238	18590	90
N107_BC04	N225_BC12	88.36	4447895	250738	94.3627716031966	-4.43	-222865	17199	90
N107_BC04	N229_BC03	91.18	4590115	258962	94.3582677122469	-4.06	-204365	19237	90
N107_BC04	N233_BC07	90.92	4576923	258842	94.3446284763803	-4.37	-219837	19003	90
N107_BC04	N237_BC04	88.69	4464580	253621	94.3192640741122	-4.63	-233180	18732	90
N112_BC02	N112_BC08	89.21	4656462	35442	99.2388641848683	80.68	4211102	13173	99.6871840197649
N112_BC02	N112_BC09	89.24	4648104	35467	99.2369576928571	80.66	4201164	13119	99.6877294007089
N112_BC02	N112_BC10	89.23	4649790	35277	99.2413205757679	80.72	4206350	13104	99.6884710021753
N112_BC02	N115_BC04	100.00	5337689	4078	99.9235998950107	98.99	5283629	1374	99.9739951461391
N112_BC02	N115_BC05	90.08	4711235	39385	99.1640196254273	79.76	4171335	12389	99.7029967624274
N112_BC02	N115_BC06	90.12	4728195	39066	99.1737650414164	80.07	4200915	12701	99.6976611047831
N112_BC02	N115_BC07	90.15	4734417	38606	99.1845669699141	80.30	4217177	12743	99.6978310372081
N112_BC02	N126_BC04	92.16	4755606	36906	99.2239474842954	82.89	4277466	12998	99.6961285022488
N112_BC02	N126_BC05	92.13	4722519	38879	99.1767317399888	81.77	4191419	12323	99.7059945569746
N112_BC02	N126_BC07	92.11	4712318	38176	99.1898679163843	82.07	4198758	12497	99.7023643658434
N112_BC02	N136_BC12	89.02	4654974	35788	99.2311879722636	80.07	4186734	12375	99.7044235435067
N112_BC02	N137_BC01	88.79	4523443	34836	99.2298786565897	79.75	4062643	11795	99.7096717580157
N112_BC02	N137_BC02	89.05	4667765	35401	99.2415856410937	80.35	4211565	12590	99.7010612444543
N112_BC02	N137_BC03	89.59	4782168	34278	99.2832121330744	81.66	4359088	13123	99.6989507897065
N112_BC02	N137_BC04	91.50	4652375	37810	99.1872968107687	81.58	4148035	12592	99.6964345768539
N112_BC02	N150_BC07	87.42	4193314	36650	99.1259896110809	76.97	3691954	11581	99.6863178685325
N112_BC02	N154_BC03	88.83	4701501	39829	99.1528450169425	78.70	4165421	13024	99.6873305243335
N112_BC02	N157_BC05	93.50	4766125	34880	99.268168585591	85.03	4334605	13303	99.6930977563123
N112_BC02	N161_BC11	90.61	4645996	39315	99.153787476356	80.48	4126836	13356	99.6763622300474
N112_BC02	N161_BC12	90.46	4456371	41224	99.0749423690263	78.88	3885871	12698	99.6732264143612
N112_BC02	N182_BC09	90.26	4605052	35811	99.2223540581084	81.28	4147052	12910	99.688694523242
N112_BC02	N194_BC12	88.97	4642206	36284	99.21838884358	80.16	4182686	13307	99.6818551524069
N112_BC02	N195_BC10	93.50	4754122	35059	99.2625557358435	84.94	4319022	13303	99.6919904552466
N112_BC02	N197_BC12	91.81	4647692	35680	99.2323071322282	82.87	4195192	13054	99.6888342655116
N112_BC02	N200_BC07	99.74	5324216	13250	99.7511370688191	96.08	5128836	3480	99.9321483471103
N112_BC02	N201_BC03	90.14	4695783	44723	99.0475922758782	77.80	4052823	12574	99.6897471219444
N112_BC02	N214_BC11	88.91	4751406	36481	99.232206214329	80.19	4285546	13187	99.6922912506364
N112_BC02	N215_BC08	90.61	4661360	38393	99.1763562565432	80.73	4153100	12979	99.6874864559004
N112_BC02	N215_BC09	93.38	4755352	34770	99.268823843114	84.93	4324832	13243	99.6937915738692
N112_BC02	N216_BC03	89.20	4761182	35156	99.2616119274583	81.08	4327562	13474	99.6886468639849
N112_BC02	N222_BC10	90.69	4783304	36585	99.2351521040686	81.95	4322124	13525	99.6870751510137
N112_BC02	N225_BC01	89.67	4786303	35923	99.2494624765712	81.23	4335563	13385	99.6912742358951
N112_BC02	N225_BC04	90.10	4747950	39716	99.1635126738908	80.05	4218510	13243	99.6860739929501
N112_BC02	N225_BC12	91.58	4667682	39426	99.1553409165406	81.30	4143802	13231	99.680703856024
N112_BC02	N229_BC03	89.81	4793764	35558	99.2582446695332	81.53	4351804	13459	99.6907259610037
N112_BC02	N233_BC07	89.56	4780353	36328	99.2400561213785	80.99	4323113	13465	99.6885346277092
N112_BC02	N237_BC04	90.69	4736395	37016	99.218477344056	81.58	4260615	13226	99.6895753312609
N112_BC08	N112_BC09	99.97	5218411	2996	99.9425878873856	99.28	5182551	1202	99.9768067887803
N112_BC08	N112_BC10	99.99	5219131	2936	99.9437454242861	99.29	5182831	1120	99.9783901886826
N112_BC08	N115_BC04	89.46	4669982	35937	99.2304681260013	80.73	4214442	13159	99.687764121561
N112_BC08	N115_BC05	91.43	4772784	40125	99.1592957066567	81.10	4233744	13172	99.6888805747348
N112_BC08	N115_BC06	91.53	4777670	40012	99.1625206429075	81.30	4243710	13313	99.6862886483761
N112_BC08	N115_BC07	91.48	4774950	38863	99.1861066608027	81.74	4266350	13432	99.6851641332755
N112_BC08	N126_BC04	91.62	4727268	35802	99.2426492426492	83.01	4283228	13599	99.6825058110378
N112_BC08	N126_BC05	91.60	4695191	37709	99.1968590841139	81.83	4194491	12673	99.6978656051473
N112_BC08	N126_BC07	91.58	4685219	36887	99.2126942198433	82.23	4206999	12975	99.6915853795069
N112_BC08	N136_BC12	91.41	4771568	36734	99.2301482447699	82.31	4296348	12972	99.698069150823
N112_BC08	N137_BC01	90.54	4612556	35863	99.2224918244895	81.32	4142676	12368	99.7014490150811
N112_BC08	N137_BC02	91.53	4777712	36141	99.2435500507356	82.70	4316672	13088	99.6968034634088
N112_BC08	N137_BC03	92.46	4826359	34559	99.2839529757318	84.46	4408899	13685	99.6896050465207
N112_BC08	N137_BC04	92.20	4687920	34257	99.269249475247	83.58	4249680	12344	99.7095310705747
N112_BC08	N150_BC07	88.87	4262791	37668	99.1163535814916	78.13	3747511	11903	99.6823758489301
N112_BC08	N154_BC03	92.91	4849757	42433	99.1250489457513	82.00	4280397	13964	99.6737685780081
N112_BC08	N157_BC05	93.04	4742799	34640	99.2696296005797	84.98	4331719	14085	99.6748404040059
N112_BC08	N161_BC11	92.32	4733403	36491	99.2290747269987	83.43	4277523	13696	99.6798146964961
N112_BC08	N161_BC12	92.31	4547300	38553	99.1521782156445	82.01	4039820	13178	99.6737973474066
N112_BC08	N182_BC09	90.21	4602717	37592	99.1832650149901	80.75	4119877	13449	99.6735582154516
N112_BC08	N194_BC12	99.97	5216235	3682	99.9294126894206	99.10	5170595	1399	99.9729431525772
N112_BC08	N195_BC10	93.06	4731516	34807	99.2643584001407	84.86	4314556	13958	99.6764904662264
N112_BC08	N197_BC12	91.88	4651235	38216	99.1783687558251	82.14	4158195	13563	99.6738248206253
N112_BC08	N200_BC07	89.25	4658980	45360	99.0263963356786	76.87	4012560	13038	99.6750702793229
N112_BC08	N201_BC03	90.87	4743414	46719	99.0150764828876	78.07	4075314	13313	99.6733257854487
N112_BC08	N214_BC11	93.12	4860784	38994	99.197783732007	83.61	4364204	14164	99.6754505518074
N112_BC08	N215_BC08	92.38	4752411	35761	99.2475187857279	83.67	4304311	13355	99.6897296686973
N112_BC08	N215_BC09	92.91	4731440	34470	99.2714691510407	84.88	4322500	14022	99.6756043956044
N112_BC08	N216_BC03	91.99	4801982	36805	99.2335456484427	83.37	4351922	14301	99.6713865735645
N112_BC08	N222_BC10	91.33	4767236	38716	99.1878732246526	81.95	4277416	14224	99.6674627859437
N112_BC08	N225_BC01	92.48	4827291	37415	99.224927604323	83.55	4361031	14101	99.6766590285646
N112_BC08	N225_BC04	91.13	4756960	41160	99.1347415155898	80.71	4213000	13961	99.6686209352006
N112_BC08	N225_BC12	92.20	4699056	36850	99.2157999393921	82.84	4221956	12994	99.6922279625842
N112_BC08	N229_BC03	92.52	4829364	37118	99.2314101815477	83.79	4373584	14328	99.6723968260356
N112_BC08	N233_BC07	92.24	4815084	37490	99.2214050679074	83.35	4351224	14296	99.6714487693578
N112_BC08	N237_BC04	89.89	4694491	36459	99.2233662818823	81.37	4249411	14204	99.6657419110554
N112_BC09	N112_BC10	99.98	5207821	3025	99.9419142862245	99.26	5170141	1140	99.9779503112198
N112_BC09	N115_BC04	89.50	4661602	35941	99.228998957869	80.71	4203862	13053	99.6894997980428
N112_BC09	N115_BC05	91.38	4759810	39962	99.1604286725731	81.01	4219710	12956	99.6929646824071
N112_BC09	N115_BC06	91.50	4765904	40026	99.1601593317868	81.23	4230924	13276	99.6862151151852
N112_BC09	N115_BC07	91.46	4763750	38960	99.1821569141958	81.61	4250930	13318	99.6867038506868
N112_BC09	N126_BC04	91.61	4726752	35789	99.2428415960897	82.95	4280112	13456	99.6856157035143
N112_BC09	N126_BC05	91.59	4694844	37748	99.1959690247429	81.77	4191424	12576	99.6999587729612
N112_BC09	N126_BC07	91.56	4684409	36860	99.2131344637072	82.20	4205329	12905	99.6931274580419
N112_BC09	N136_BC12	91.42	4761999	36724	99.2288112618251	82.29	4286379	12942	99.6980668298347
N112_BC09	N137_BC01	90.53	4611876	35697	99.2259765874017	81.34	4143476	12276	99.7037270156748
N112_BC09	N137_BC02	91.55	4768343	36170	99.2414555748192	82.67	4305723	13038	99.6971937117181
N112_BC09	N137_BC03	92.48	4816948	34505	99.2836750573184	84.48	4400068	13660	99.6895502524052
N112_BC09	N137_BC04	92.19	4687508	34180	99.2708279111204	83.58	4249628	12285	99.710915873107
N112_BC09	N150_BC07	88.85	4261628	37405	99.1222837845068	78.21	3751208	11883	99.6832220447387
N112_BC09	N154_BC03	92.94	4840838	42383	99.1244697715561	81.98	4270138	13847	99.6757247658038
N112_BC09	N157_BC05	93.03	4742080	34581	99.270763040691	84.96	4330840	14018	99.6763214526512
N112_BC09	N161_BC11	92.31	4733175	36542	99.2279600902143	83.42	4277215	13743	99.6786927942598
N112_BC09	N161_BC12	92.30	4546940	38392	99.1556519329483	82.02	4040280	13058	99.6768045779005
N112_BC09	N182_BC09	90.21	4602718	37907	99.176421410132	80.59	4112098	13375	99.6747402420857
N112_BC09	N194_BC12	99.97	5216109	3716	99.9287591574486	99.09	5170269	1423	99.9724772540849
N112_BC09	N195_BC10	93.04	4730839	34901	99.2622661646274	84.78	4310859	13901	99.6775352661732
N112_BC09	N197_BC12	91.89	4651886	38386	99.1748293057912	82.03	4152966	13439	99.6763999512637
N112_BC09	N200_BC07	89.28	4650420	45555	99.0204110596462	76.79	3999980	13032	99.6741983709918
N112_BC09	N201_BC03	90.84	4731385	46846	99.009888225118	77.91	4058185	13185	99.6751010611887
N112_BC09	N214_BC11	93.15	4851831	39253	99.1909652252933	83.48	4348171	14069	99.6764386681205
N112_BC09	N215_BC08	92.36	4751717	35761	99.2474088839887	83.66	4304357	13392	99.688873390381
N112_BC09	N215_BC09	92.90	4730945	34425	99.2723441088408	84.81	4319105	13832	99.6797484664068
N112_BC09	N216_BC03	92.01	4792470	36946	99.2290822895083	83.27	4337110	14177	99.6731233471136
N112_BC09	N222_BC10	91.41	4761198	38957	99.1817815600191	81.88	4264918	14142	99.6684109753107
N112_BC09	N225_BC01	92.50	4817783	37507	99.2214883899918	83.49	4348643	14049	99.6769337009269
N112_BC09	N225_BC04	91.11	4745624	41395	99.1277227188669	80.55	4195604	13893	99.6688677005742
N112_BC09	N225_BC12	92.20	4699162	37049	99.2115828311516	82.75	4217422	12961	99.6926795563735
N112_BC09	N229_BC03	92.54	4819876	37237	99.2274282574904	83.72	4360296	14257	99.6730267853375
N112_BC09	N233_BC07	92.26	4805612	37575	99.2181016694648	83.29	4338592	14223	99.6721747516245
N112_BC09	N237_BC04	89.89	4694449	36548	99.2214634773964	81.31	4246329	14141	99.6669829398523
N112_BC10	N115_BC04	89.50	4663643	35952	99.2291005121962	80.70	4205243	13031	99.6901249226264
N112_BC10	N115_BC05	91.46	4765678	40212	99.1562165970928	81.02	4221898	13022	99.6915605256214
N112_BC10	N115_BC06	91.56	4771205	39460	99.17295525973	81.50	4246745	13236	99.6883260002661
N112_BC10	N115_BC07	91.51	4768370	38753	99.1872904158025	81.78	4261410	13404	99.6854562222363
N112_BC10	N126_BC04	91.62	4727700	35631	99.2463354273748	82.99	4282380	13364	99.687930543296
N112_BC10	N126_BC05	91.62	4695938	37698	99.1972210876719	81.81	4193218	12561	99.7004448612021
N112_BC10	N126_BC07	91.58	4685294	36789	99.2147984736924	82.24	4207214	12884	99.693764091867
N112_BC10	N136_BC12	91.44	4764883	36663	99.230558231965	82.32	4289523	12894	99.6994071368775
N112_BC10	N137_BC01	90.55	4613003	36123	99.2169309233053	81.20	4136483	12296	99.7027426439321
N112_BC10	N137_BC02	91.55	4770595	35891	99.2476619792709	82.75	4311895	12955	99.6995520530996
N112_BC10	N137_BC03	92.49	4819241	34731	99.2793263503527	84.37	4396161	13576	99.6911851044582
N112_BC10	N137_BC04	92.21	4688304	33255	99.2906816622813	83.87	4264464	12062	99.7171508541284
N112_BC10	N150_BC07	88.88	4263162	37151	99.1285576292902	78.30	3755602	11772	99.6865482551133
N112_BC10	N154_BC03	92.95	4843417	41998	99.1328849033647	82.11	4278537	13753	99.6785583483326
N112_BC10	N157_BC05	93.05	4743107	34369	99.2753905825865	85.00	4332947	13860	99.6801253280966
N112_BC10	N161_BC11	92.32	4733710	36736	99.2239490801084	83.33	4272790	13689	99.6796238523307
N112_BC10	N161_BC12	92.32	4547918	38334	99.1571088133075	82.05	4041938	13034	99.6775309269959
N112_BC10	N182_BC09	90.21	4602566	37189	99.1919942049717	80.84	4124346	13277	99.6780822947444
N112_BC10	N194_BC12	99.98	5216743	3183	99.9389849183677	99.21	5176663	1178	99.977244027668
N112_BC10	N195_BC10	93.06	4731610	34560	99.269593225139	84.87	4315410	13749	99.6813975960569
N112_BC10	N197_BC12	91.89	4651740	37077	99.2029434147222	82.49	4175680	13273	99.6821356042609
N112_BC10	N200_BC07	89.29	4652529	44760	99.0379425899334	77.06	4015409	12903	99.6786628709554
N112_BC10	N201_BC03	90.91	4737241	46611	99.0160728575979	78.08	4068641	13180	99.6760589100882
N112_BC10	N214_BC11	93.16	4854277	38482	99.2072557870101	83.75	4363917	13963	99.680035161072
N112_BC10	N215_BC08	92.38	4752595	35419	99.2547439872322	83.74	4308355	13206	99.693479297783
N112_BC10	N215_BC09	92.93	4732207	34287	99.2754543493131	84.85	4320907	13721	99.6824509298626
N112_BC10	N216_BC03	92.02	4794774	36449	99.2398181853827	83.39	4344874	13953	99.6788629543688
N112_BC10	N222_BC10	91.39	4761906	38072	99.2004882078731	82.12	4279026	13927	99.6745287362124
N112_BC10	N225_BC01	92.50	4819980	37061	99.2310963945908	83.61	4356780	13900	99.6809570370778
N112_BC10	N225_BC04	91.16	4750359	41140	99.1339601912192	80.69	4204719	13857	99.6704417108492
N112_BC10	N225_BC12	92.21	4699825	36119	99.2314820232668	83.08	4234525	12853	99.6964712689145
N112_BC10	N229_BC03	92.54	4822021	36752	99.2378299472358	83.83	4368281	14064	99.6780426900193
N112_BC10	N233_BC07	92.27	4807977	37089	99.2285944795493	83.39	4345477	13963	99.6786773926084
N112_BC10	N237_BC04	89.90	4694990	35732	99.2389334162586	81.57	4259870	13975	99.6719383455364
N115_BC04	N115_BC05	90.48	4731690	39822	99.1583979508379	80.02	4184430	12458	99.7022772516209
N115_BC04	N115_BC06	90.51	4748385	39589	99.1662638981464	80.27	4210965	12717	99.6980027143422
N115_BC04	N115_BC07	90.55	4755093	38904	99.1818456547538	80.56	4230433	12670	99.7005034709213
N115_BC04	N126_BC04	92.57	4776616	37664	99.2114919851208	83.06	4285976	13131	99.6936287090735
N115_BC04	N126_BC05	92.52	4742179	39156	99.1743036270879	82.03	4204359	12264	99.7083027400847
N115_BC04	N126_BC07	92.52	4733660	38760	99.1811832704503	82.29	4210400	12596	99.7008360250807
N115_BC04	N136_BC12	89.41	4675401	36154	99.2267187349278	80.35	4201621	12464	99.7033525870134
N115_BC04	N137_BC01	89.19	4543766	35436	99.2201182895422	79.92	4071686	11831	99.7094324071159
N115_BC04	N137_BC02	89.45	4688506	35910	99.2340843757052	80.54	4221726	12570	99.7022544807503
N115_BC04	N137_BC03	89.58	4807645	34617	99.2799593147997	81.59	4378805	13174	99.6991416607956
N115_BC04	N137_BC04	91.76	4665833	38338	99.1783246421379	81.63	4150913	12591	99.6966691424272
N115_BC04	N150_BC07	87.67	4204948	36795	99.1249594525307	77.14	3699908	11542	99.6880462973674
N115_BC04	N154_BC03	89.23	4722395	40063	99.1516380988884	78.97	4179615	12923	99.6908088424412
N115_BC04	N157_BC05	93.91	4787147	35610	99.2561331415141	85.20	4342947	13399	99.6914767783259
N115_BC04	N161_BC11	90.88	4659533	40210	99.1370379821326	80.42	4123313	13398	99.6750671122954
N115_BC04	N161_BC12	90.72	4469044	41510	99.0711660032884	79.03	3893404	12727	99.6731138099206
N115_BC04	N182_BC09	90.67	4625954	36606	99.2086821442669	81.39	4152254	12920	99.6888436979048
N115_BC04	N194_BC12	89.23	4655646	36910	99.2071991727893	80.18	4183286	13291	99.682283257707
N115_BC04	N195_BC10	93.92	4775303	35784	99.2506444093705	85.09	4326563	13346	99.6915334412096
N115_BC04	N197_BC12	92.22	4668542	36047	99.2278745698336	83.17	4210182	13128	99.6881845012876
N115_BC04	N200_BC07	99.95	5392825	13943	99.7414527636257	96.09	5184825	3542	99.931685254565
N115_BC04	N201_BC03	90.54	4716345	45760	99.0297571530497	77.81	4053005	12592	99.6893169389132
N115_BC04	N214_BC11	89.30	4772084	37039	99.223840150341	80.42	4297604	13314	99.6901994692857
N115_BC04	N215_BC08	90.87	4674714	39209	99.1612535012837	80.69	4150834	13014	99.68647264622
N115_BC04	N215_BC09	93.80	4776725	34751	99.2724931830909	85.26	4341665	12997	99.700644798712
N115_BC04	N216_BC03	89.19	4786831	35560	99.2571285679398	81.00	4347171	13576	99.6877049465043
N115_BC04	N222_BC10	91.09	4804172	37254	99.2245489961642	82.13	4331392	13614	99.6856899583321
N115_BC04	N225_BC01	89.66	4811879	36215	99.2473834026167	81.16	4355459	13393	99.6925008363068
N115_BC04	N225_BC04	90.49	4768222	40190	99.1571281706263	80.26	4229362	13246	99.6868085541034
N115_BC04	N225_BC12	91.84	4680629	39954	99.1463967770144	81.36	4146489	13246	99.6805490138766
N115_BC04	N229_BC03	89.79	4819256	36229	99.2482449573129	81.38	4367676	13649	99.6874997138066
N115_BC04	N233_BC07	89.55	4805859	36813	99.2339975017994	80.92	4342939	13666	99.6853282995686
N115_BC04	N237_BC04	90.74	4738647	37401	99.2107240737704	81.53	4257727	13354	99.6863584724901
N115_BC05	N115_BC06	99.98	5228665	6225	99.8809447535843	98.22	5136725	1627	99.9683261221887
N115_BC05	N115_BC07	99.93	5226146	5650	99.8918897405469	98.35	5143766	1530	99.9702552565572
N115_BC05	N126_BC04	93.12	4804711	39327	99.1814908326432	82.79	4271931	12687	99.7030148661109
N115_BC05	N126_BC05	93.07	4770308	41190	99.1365337416368	81.71	4188008	12074	99.7117006462261
N115_BC05	N126_BC07	93.06	4761353	40345	99.1526568183455	82.07	4198953	12224	99.7088798088476
N115_BC05	N136_BC12	91.16	4766842	38167	99.1993231577636	81.09	4240182	11833	99.720931790192
N115_BC05	N137_BC01	90.99	4635248	37077	99.2001075239124	80.82	4117248	11176	99.7285565503948
N115_BC05	N137_BC02	91.16	4778361	37534	99.2145005368996	81.37	4265161	11873	99.7216283277466
N115_BC05	N137_BC03	92.09	4816226	36430	99.2435986185034	82.93	4336946	12465	99.7125857688798
N115_BC05	N137_BC04	91.58	4656512	39941	99.1422549753979	80.64	4100172	12123	99.7043294769097
N115_BC05	N150_BC07	89.41	4288567	38711	99.0973441711415	77.83	3732987	10931	99.7071781926913
N115_BC05	N154_BC03	92.00	4811183	41887	99.1293825240071	80.67	4218643	12259	99.7094089260457
N115_BC05	N157_BC05	94.12	4797669	37858	99.2109084640895	84.34	4299369	12942	99.6989790827445
N115_BC05	N161_BC11	92.54	4744615	42821	99.0974820928569	80.98	4152135	13196	99.6821875974649
N115_BC05	N161_BC12	92.47	4555250	43667	99.0413918006696	79.84	3933310	12569	99.6804472568905
N115_BC05	N182_BC09	91.96	4692168	39063	99.1674850516861	81.50	4158488	12378	99.7023437364735
N115_BC05	N194_BC12	91.43	4770393	41353	99.1331322178278	80.66	4208353	13250	99.6851499862298
N115_BC05	N195_BC10	94.12	4785321	38250	99.2006805813027	84.15	4278201	12893	99.69863501037
N115_BC05	N197_BC12	93.48	4732113	39228	99.1710257130377	82.91	4196953	12469	99.7029035111901
N115_BC05	N200_BC07	90.29	4722068	48159	98.9801290451556	76.60	4006048	12357	99.6915413894192
N115_BC05	N201_BC03	99.89	5203328	13230	99.7457396497011	96.04	5002868	3206	99.9359167581475
N115_BC05	N214_BC11	92.19	4821605	38165	99.2084585941818	82.34	4306625	12415	99.7117232171364
N115_BC05	N215_BC08	92.59	4763518	41932	99.1197262191515	81.27	4181158	12813	99.693553795384
N115_BC05	N215_BC09	93.98	4785850	38050	99.2049479193874	84.15	4285510	13032	99.6959055048291
N115_BC05	N216_BC03	91.69	4795331	37796	99.2118166608311	82.14	4295631	12810	99.7017900280541
N115_BC05	N222_BC10	92.47	4836030	39840	99.1761837705722	82.22	4300090	13042	99.696704022474
N115_BC05	N225_BC01	92.16	4819917	38148	99.208534088865	82.45	4311877	12745	99.7044210676696
N115_BC05	N225_BC04	99.89	5263554	6633	99.8739824840783	98.13	5170694	1989	99.9615332100488
N115_BC05	N225_BC12	91.73	4675108	41626	99.1096248471693	80.32	4093488	12544	99.6935620673616
N115_BC05	N229_BC03	92.35	4829828	38519	99.2024767755705	82.54	4316888	12871	99.701845403448
N115_BC05	N233_BC07	92.06	4814458	38904	99.1919339622446	82.13	4295138	12937	99.6987989675768
N115_BC05	N237_BC04	90.25	4713241	37920	99.1954580722692	80.65	4212021	12858	99.6947308667264
N115_BC06	N115_BC07	99.99	5251031	5147	99.9019811537963	98.58	5176811	1435	99.9722802319807
N115_BC06	N126_BC04	93.23	4810392	39028	99.188673189212	83.15	4290432	13029	99.6963242862257
N115_BC06	N126_BC05	93.17	4775508	40954	99.1424158435082	81.99	4202648	12310	99.7070894350419
N115_BC06	N126_BC07	93.16	4766322	40125	99.1581559114135	82.36	4213762	12496	99.7034478928805
N115_BC06	N136_BC12	91.26	4772034	37815	99.2075706082564	81.38	4255494	11987	99.7183170743514
N115_BC06	N137_BC01	91.08	4640173	37009	99.2024219786633	81.05	4129113	11455	99.7225796436184
N115_BC06	N137_BC02	91.26	4783338	37165	99.2230321169025	81.70	4282178	12106	99.7172933960242
N115_BC06	N137_BC03	92.13	4833561	36281	99.2493939768216	83.15	4362421	12723	99.7083500194044
N115_BC06	N137_BC04	91.70	4662729	39933	99.1435702139241	80.87	4112289	12410	99.6982215987252
N115_BC06	N150_BC07	89.47	4291610	38344	99.106535775618	78.10	3746290	11077	99.7043208080528
N115_BC06	N154_BC03	92.04	4828684	41328	99.1441146283335	81.03	4250844	12435	99.7074698577506
N115_BC06	N157_BC05	94.22	4802755	37612	99.2168661528643	84.68	4316675	13307	99.6917303248449
N115_BC06	N161_BC11	92.63	4749548	42380	99.1077045647291	81.33	4170028	13403	99.6785872900614
N115_BC06	N161_BC12	92.57	4560382	43269	99.0511979040352	80.19	3950642	12781	99.6764829615035
N115_BC06	N182_BC09	92.06	4697194	39369	99.1618613155003	81.58	4162474	12632	99.6965266329591
N115_BC06	N194_BC12	91.53	4775619	41091	99.1395670383253	80.95	4223479	13483	99.6807608135378
N115_BC06	N195_BC10	94.22	4790625	37784	99.2112928897586	84.54	4298525	13178	99.6934297229864
N115_BC06	N197_BC12	93.57	4736718	39173	99.1729927768552	83.15	4209078	12790	99.6961329773409
N115_BC06	N200_BC07	90.32	4738883	48167	98.9835790417278	76.80	4029303	12687	99.6851316468382
N115_BC06	N201_BC03	99.98	5208343	12588	99.7583108485751	96.39	5021223	3231	99.9356531267382
N115_BC06	N214_BC11	92.26	4840447	38157	99.2117050346797	82.52	4329587	12613	99.7086789109446
N115_BC06	N215_BC08	92.70	4769013	41654	99.1265697954692	81.57	4196573	13031	99.6894847295639
N115_BC06	N215_BC09	94.08	4790925	37606	99.2150576350079	84.50	4302905	13204	99.6931375431249
N115_BC06	N216_BC03	91.73	4812386	37481	99.2211555764646	82.42	4324166	13069	99.6977683095422
N115_BC06	N222_BC10	92.51	4853373	40089	99.1739971356003	82.34	4319993	13419	99.6893744966716
N115_BC06	N225_BC01	92.21	4837872	37966	99.2152334745524	82.68	4337752	12959	99.7012507861215
N115_BC06	N225_BC04	99.98	5268394	6066	99.8848605476356	98.40	5184954	1893	99.9634905150557
N115_BC06	N225_BC12	91.84	4680683	41699	99.1091257408374	80.55	4105323	12930	99.6850430526416
N115_BC06	N229_BC03	92.38	4846880	38207	99.2117197042221	82.83	4345780	13151	99.6973845891877
N115_BC06	N233_BC07	92.10	4831861	38633	99.2004529931635	82.43	4324301	13254	99.6934995968135
N115_BC06	N237_BC04	90.37	4719227	37594	99.2033864868123	81.00	4229847	13124	99.6897287301408
N115_BC07	N126_BC04	93.18	4808062	37833	99.2131341068397	83.52	4309542	12906	99.7005250209883
N115_BC07	N126_BC05	93.13	4773514	40317	99.1554020790554	82.22	4214214	12351	99.7069204364088
N115_BC07	N126_BC07	93.11	4763865	39568	99.1694139107636	82.55	4223765	12562	99.7025876202866
N115_BC07	N136_BC12	91.22	4770037	37294	99.218161200846	81.62	4267917	12187	99.7144508667811
N115_BC07	N137_BC01	91.04	4637952	36561	99.2116994742507	81.22	4137432	11534	99.7212280467691
N115_BC07	N137_BC02	91.22	4781282	36660	99.2332600336061	81.91	4293362	12263	99.7143730251491
N115_BC07	N137_BC03	92.15	4839363	35467	99.2671142875622	83.52	4386383	12817	99.7078002536486
N115_BC07	N137_BC04	91.65	4660241	39285	99.1570178452144	81.14	4125741	12559	99.6955940763126
N115_BC07	N150_BC07	89.42	4289137	37474	99.1263044290728	78.44	3762677	11150	99.7036684254322
N115_BC07	N154_BC03	92.06	4834590	40887	99.154281955657	81.32	4270770	12695	99.7027468114649
N115_BC07	N157_BC05	94.16	4800022	36566	99.2382118248625	85.02	4333982	13263	99.6939765785829
N115_BC07	N161_BC11	92.55	4745600	41822	99.1187204989885	81.50	4179080	13495	99.6770820371948
N115_BC07	N161_BC12	92.52	4557705	42706	99.0629933266853	80.43	3962305	12935	99.6735486036537
N115_BC07	N182_BC09	92.01	4694611	38761	99.1743511869248	81.81	4174111	12735	99.6949050947615
N115_BC07	N194_BC12	91.47	4772724	40283	99.155974659335	81.24	4238864	13589	99.6794188254212
N115_BC07	N195_BC10	94.16	4787822	37005	99.2271015923316	84.79	4311562	13191	99.6940551939181
N115_BC07	N197_BC12	93.51	4733649	38061	99.1959479885391	83.56	4230089	12882	99.6954674003313
N115_BC07	N200_BC07	90.33	4744035	47401	99.0008294626831	77.13	4050895	12743	99.6854275413211
N115_BC07	N201_BC03	99.93	5205462	11844	99.7724697634907	96.58	5030762	3108	99.9382200946894
N115_BC07	N214_BC11	92.26	4844897	36844	99.239529756773	83.05	4361457	12671	99.7094778189949
N115_BC07	N215_BC08	92.60	4763922	40755	99.1445074037736	81.88	4212182	13167	99.6874066695124
N115_BC07	N215_BC09	94.02	4787918	36790	99.2316075588596	84.77	4317098	13248	99.6931271886809
N115_BC07	N216_BC03	91.75	4818303	36689	99.2385493398817	82.79	4347723	13159	99.6973358238324
N115_BC07	N222_BC10	92.49	4857228	39245	99.192028869141	82.64	4340048	13385	99.6915932727011
N115_BC07	N225_BC01	92.22	4843166	37189	99.2321345169668	83.04	4360906	13075	99.7001769815722
N115_BC07	N225_BC04	99.93	5265609	5263	99.900049547925	98.60	5195609	1762	99.9660867474823
N115_BC07	N225_BC12	91.78	4677730	40778	99.1282523788248	80.87	4121650	12973	99.6852474130506
N115_BC07	N229_BC03	92.41	4852887	37486	99.2275525887992	83.15	4366747	13178	99.6982192923016
N115_BC07	N233_BC07	92.12	4837538	37621	99.2223110185388	82.81	4348518	13169	99.6971611937676
N115_BC07	N237_BC04	90.29	4715494	36832	99.2189153458789	81.26	4243874	13250	99.6877852641242
N126_BC04	N126_BC05	99.93	5121880	7171	99.8599928151382	97.87	5016440	1898	99.9621644034415
N126_BC04	N126_BC07	99.94	5112953	6372	99.8753753457151	98.16	5021653	1806	99.9640357467949
N126_BC04	N136_BC12	92.23	4758869	36375	99.2356377113974	82.98	4281709	12516	99.70768681384
N126_BC04	N137_BC01	90.52	4611261	35245	99.235675447562	81.34	4143681	11865	99.7136603903631
N126_BC04	N137_BC02	92.32	4763800	35937	99.2456232419497	83.29	4297640	12628	99.7061643134371
N126_BC04	N137_BC03	93.21	4809305	34351	99.2857387917797	85.05	4388105	13290	99.6971357795677
N126_BC04	N137_BC04	91.75	4665012	36163	99.2248037089722	82.47	4193112	12567	99.7002941967684
N126_BC04	N150_BC07	88.79	4258919	36624	99.1400634762014	78.36	3758599	11607	99.691188126214
N126_BC04	N154_BC03	93.07	4802361	39819	99.1708453404482	82.86	4275441	13472	99.6848980023347
N126_BC04	N157_BC05	97.13	4951054	12762	99.7422367035383	93.92	4787414	4579	99.9043533732408
N126_BC04	N161_BC11	92.35	4734862	37005	99.2184566308374	83.26	4268622	13692	99.679240747951
N126_BC04	N161_BC12	92.31	4547395	38195	99.1600685667289	82.06	4042535	12951	99.6796317162375
N126_BC04	N182_BC09	91.22	4654104	35640	99.2342242459558	82.20	4193964	12632	99.6988052353334
N126_BC04	N194_BC12	91.12	4701835	36540	99.2228566081115	82.31	4247175	13806	99.6749368698017
N126_BC04	N195_BC10	97.15	4939634	12704	99.7428149534965	93.94	4776434	4543	99.9048872024611
N126_BC04	N197_BC12	92.81	4697984	35860	99.2366938669863	83.75	4239524	12936	99.6948714053748
N126_BC04	N200_BC07	92.31	4763077	46762	99.018239679938	79.26	4089517	13083	99.680084469633
N126_BC04	N201_BC03	92.54	4774890	45721	99.0424700883162	79.86	4120830	13017	99.6841170346751
N126_BC04	N214_BC11	93.28	4813274	36421	99.2433216974558	84.51	4360854	13799	99.6835711537236
N126_BC04	N215_BC08	92.40	4753788	36119	99.2402059157876	83.59	4300488	13453	99.6871750368795
N126_BC04	N215_BC09	97.03	4941489	12465	99.74774809779	93.88	4781049	4442	99.9070915190369
N126_BC04	N216_BC03	92.74	4785060	36229	99.242872607658	84.09	4338540	13902	99.6795696248047
N126_BC04	N222_BC10	93.04	4800611	36305	99.243742098662	84.18	4343231	13435	99.6906680763699
N126_BC04	N225_BC01	93.21	4809497	36581	99.2394007107188	84.31	4350197	13615	99.687025668033
N126_BC04	N225_BC04	92.84	4790395	40149	99.1618853977595	82.58	4260795	13668	99.6792147944222
N126_BC04	N225_BC12	91.89	4683222	38631	99.1751191807691	81.96	4177042	13321	99.6810901111361
N126_BC04	N229_BC03	93.23	4810787	35633	99.2593103789463	84.67	4369047	13545	99.6899781577081
N126_BC04	N233_BC07	92.95	4796379	36845	99.2318163347809	84.04	4336819	13866	99.6802725684424
N126_BC04	N237_BC04	90.83	4686991	36422	99.2229129520411	82.10	4236531	13898	99.6719485824605
N126_BC05	N126_BC07	99.39	5084940	9082	99.8213941560766	96.65	4944820	2075	99.9580368951752
N126_BC05	N136_BC12	92.18	4724624	38116	99.1932479706322	81.91	4198264	11797	99.7190029021519
N126_BC05	N137_BC01	90.02	4585716	37401	99.1844021740553	79.76	4063216	11275	99.7225104449283
N126_BC05	N137_BC02	92.27	4729300	37571	99.2055695346034	82.26	4216200	11915	99.7173995541009
N126_BC05	N137_BC03	93.15	4774757	36112	99.243689259998	83.95	4303017	12524	99.7089483959743
N126_BC05	N137_BC04	91.43	4648905	38023	99.1821084750065	81.14	4125645	11859	99.7125540370051
N126_BC05	N150_BC07	88.27	4233957	37963	99.1033683147939	77.03	3694677	10998	99.7023285120729
N126_BC05	N154_BC03	93.02	4767971	41390	99.1319158610654	81.82	4193911	12686	99.6975138480526
N126_BC05	N157_BC05	96.57	4922817	15165	99.6919446731414	92.41	4710917	4569	99.903012513275
N126_BC05	N161_BC11	91.84	4709110	38863	99.1747272839241	81.72	4189950	12904	99.6920249644984
N126_BC05	N161_BC12	91.90	4527102	40392	99.107773582305	80.47	3964042	12238	99.6912747140419
N126_BC05	N182_BC09	90.70	4627865	37571	99.1881569579061	80.78	4121605	12257	99.7026158498934
N126_BC05	N194_BC12	91.11	4669854	38505	99.1754560206807	81.18	4160694	13046	99.6864465399282
N126_BC05	N195_BC10	96.59	4911335	15066	99.6932402289805	92.44	4700495	4523	99.9037760916669
N126_BC05	N197_BC12	92.26	4670184	37904	99.1883831557815	82.21	4161244	12456	99.7006664353256
N126_BC05	N200_BC07	92.23	4727352	47506	98.9950822363133	78.47	4022132	12244	99.6955843318916
N126_BC05	N201_BC03	92.48	4740068	47168	99.004908790338	78.88	4042988	12313	99.6954480201277
N126_BC05	N214_BC11	93.22	4778218	38062	99.2034268842485	83.41	4275598	12930	99.6975861622164
N126_BC05	N215_BC08	91.92	4728669	37818	99.2002400675539	82.12	4224269	12597	99.7017945590113
N126_BC05	N215_BC09	96.48	4913367	14941	99.6959111745571	92.36	4703587	4451	99.90537009308
N126_BC05	N216_BC03	92.67	4749814	37518	99.2101164382437	83.13	4260734	13063	99.6934096331759
N126_BC05	N222_BC10	92.96	4764965	38115	99.2000990563414	83.13	4261025	12917	99.6968569769011
N126_BC05	N225_BC01	93.16	4775005	38187	99.2002730887193	83.31	4270065	12939	99.6969835353794
N126_BC05	N225_BC04	92.78	4755358	41649	99.1241668871197	81.58	4181318	12946	99.690384706449
N126_BC05	N225_BC12	91.57	4666940	39621	99.151028296914	80.88	4121880	12367	99.6999670053471
N126_BC05	N229_BC03	93.17	4775598	37844	99.2075547397415	83.51	4280518	13089	99.6942192510346
N126_BC05	N233_BC07	92.89	4761106	38225	99.1971403283187	83.07	4257666	13052	99.6934470670081
N126_BC05	N237_BC04	90.78	4653288	37794	99.1878001103736	81.12	4158148	13036	99.6864950453904
N126_BC07	N136_BC12	92.20	4716960	37681	99.2011592211933	82.18	4204420	12053	99.7133255003068
N126_BC07	N137_BC01	90.01	4605337	36754	99.2019259394047	80.11	4098557	11414	99.7215117418155
N126_BC07	N137_BC02	92.30	4722396	37159	99.2131324861363	82.55	4223296	12203	99.7110550622073
N126_BC07	N137_BC03	93.18	4767453	35657	99.2520744305188	84.26	4311233	12845	99.7020573928619
N126_BC07	N137_BC04	90.95	4624626	37375	99.1918265390542	81.00	4118766	12081	99.7066839922443
N126_BC07	N150_BC07	88.07	4224473	37821	99.1047167303472	76.97	3692233	11208	99.6964438593122
N126_BC07	N154_BC03	93.04	4760192	41180	99.134908844013	82.01	4195632	12951	99.691321831848
N126_BC07	N157_BC05	96.34	4910692	14475	99.7052350259393	92.50	4714812	4680	99.9007383539365
N126_BC07	N161_BC11	91.62	4687404	38269	99.183577946343	81.81	4185304	13163	99.6854947693166
N126_BC07	N161_BC12	91.49	4507277	39557	99.1223747730614	80.50	3965857	12485	99.6851878421234
N126_BC07	N182_BC09	90.43	4613934	37654	99.1839068352517	80.56	4110174	12465	99.6967281677126
N126_BC07	N194_BC12	91.08	4659640	37791	99.1889716802156	81.51	4169840	13300	99.6810429177139
N126_BC07	N195_BC10	96.35	4899177	14389	99.7062976087616	92.50	4703657	4612	99.9019486327341
N126_BC07	N197_BC12	92.02	4658059	37942	99.1854547140773	82.05	4153519	12714	99.6938981138644
N126_BC07	N200_BC07	92.26	4720119	47976	98.9835849477524	78.42	4012159	12577	99.6865278768862
N126_BC07	N201_BC03	92.47	4730841	47123	99.0039191763156	78.96	4039761	12568	99.6888924864615
N126_BC07	N214_BC11	93.25	4770941	38120	99.2009961976055	83.55	4274581	13301	99.6888349992666
N126_BC07	N215_BC08	91.63	4714063	37135	99.2122506635995	82.20	4228683	12865	99.6957681623333
N126_BC07	N215_BC09	96.24	4901122	14016	99.7140246661887	92.50	4710802	4499	99.9044960921728
N126_BC07	N216_BC03	92.71	4743209	37636	99.2065287445693	83.22	4257869	13368	99.6860401294638
N126_BC07	N222_BC10	93.01	4758574	38314	99.1948428247622	83.17	4254894	13129	99.6914376715378
N126_BC07	N225_BC01	93.19	4767811	38023	99.20250613961	83.47	4270271	13145	99.6921741032361
N126_BC07	N225_BC04	92.77	4746149	41329	99.1292098077831	81.74	4182049	13123	99.6862064504744
N126_BC07	N225_BC12	91.10	4642961	40051	99.1373823730158	80.40	4097761	12790	99.687878331606
N126_BC07	N229_BC03	93.20	4768504	37835	99.20656457455	83.65	4280044	13411	99.6866620997354
N126_BC07	N233_BC07	92.93	4754318	38311	99.1941851596801	83.15	4253778	13283	99.6877364074947
N126_BC07	N237_BC04	90.77	4644119	37817	99.1857013138552	81.24	4156459	13433	99.6768162515256
N136_BC12	N137_BC01	99.08	5047749	9447	99.8128472711302	96.22	4902109	2164	99.955855734746
N136_BC12	N137_BC02	99.13	5183519	8485	99.8363081142367	96.69	5055879	2102	99.9584246379314
N136_BC12	N137_BC03	99.97	5227817	6428	99.8770423677799	98.23	5136917	1882	99.963363239079
N136_BC12	N137_BC04	91.65	4660208	37591	99.1933621846922	81.60	4149228	12041	99.7098014377614
N136_BC12	N150_BC07	96.43	4625246	12020	99.7401219308119	92.57	4439906	2752	99.9380167057591
N136_BC12	N154_BC03	92.02	4811832	39947	99.1698172338519	81.62	4267892	12749	99.7012811008339
N136_BC12	N157_BC05	93.62	4772352	35985	99.2459692830705	84.59	4312032	12968	99.699260116808
N136_BC12	N161_BC11	92.10	4722299	40367	99.1451833100784	81.43	4175119	13007	99.68846396953
N136_BC12	N161_BC12	92.25	4544481	41855	99.0789927386648	80.28	3954901	12375	99.6870970980057
N136_BC12	N182_BC09	92.37	4713006	39099	99.1704020745995	81.90	4179006	12398	99.7033265805314
N136_BC12	N194_BC12	91.24	4760654	37514	99.2119990236636	81.94	4275534	13257	99.6899334679598
N136_BC12	N195_BC10	93.63	4760546	36171	99.2401921964413	84.50	4296146	12950	99.6985670412505
N136_BC12	N197_BC12	93.43	4729384	37213	99.2131533409002	83.67	4235264	12506	99.7047173446567
N136_BC12	N200_BC07	89.20	4664314	44034	99.0559383437736	77.07	4029894	12312	99.6944832792128
N136_BC12	N201_BC03	91.09	4745056	43743	99.0781352211649	78.84	4106856	11832	99.7118963995816
N136_BC12	N214_BC11	92.23	4822761	36747	99.2380505689583	83.18	4349721	13094	99.6989691982543
N136_BC12	N215_BC08	92.15	4740976	39447	99.1679561339269	81.76	4206256	12710	99.697831040241
N136_BC12	N215_BC09	93.49	4761068	35898	99.2460095087909	84.46	4301388	12913	99.6997945779362
N136_BC12	N216_BC03	99.50	5202950	7294	99.859810299926	97.54	5100510	2171	99.9574356289861
N136_BC12	N222_BC10	92.76	4850565	39925	99.1769000106173	82.50	4313865	13089	99.6965829946
N136_BC12	N225_BC01	99.97	5227816	8131	99.8444665994366	97.77	5112856	2382	99.9534115570632
N136_BC12	N225_BC04	90.97	4793596	38126	99.2046472001395	81.28	4282756	12583	99.7061938620832
N136_BC12	N225_BC12	91.73	4675392	39367	99.1579957359725	81.19	4138272	12510	99.6976999095275
N136_BC12	N229_BC03	99.91	5224343	7313	99.8600206762841	97.94	5121143	2152	99.9579781310539
N136_BC12	N233_BC07	99.64	5210275	7654	99.8530979650786	97.55	5100815	2180	99.9572617317037
N136_BC12	N237_BC04	89.31	4664292	35633	99.2360469713303	80.64	4211312	12983	99.6917112766758
N137_BC01	N137_BC02	99.17	5052038	8710	99.8275943292588	96.51	4916278	1921	99.9609257247047
N137_BC01	N137_BC03	99.97	5092700	7048	99.8616058279498	97.93	4988680	1846	99.9629962234499
N137_BC01	N137_BC04	89.65	4558392	36952	99.1893632666958	79.64	4049432	11503	99.7159354694683
N137_BC01	N150_BC07	94.15	4516067	12283	99.7280155498136	90.12	4322847	2621	99.93936866144
N137_BC01	N154_BC03	91.83	4678345	38648	99.1738958969465	81.34	4144085	11934	99.7120232813757
N137_BC01	N157_BC05	91.37	4657345	35060	99.2472105888655	82.43	4201845	12284	99.7076522337211
N137_BC01	N161_BC11	90.03	4586529	39625	99.1360569179874	79.34	4042089	12402	99.6931784530227
N137_BC01	N161_BC12	90.07	4437169	41105	99.0736210408033	78.24	3854149	11953	99.6898666865241
N137_BC01	N182_BC09	90.24	4603975	38293	99.1682622082005	79.85	4073995	11793	99.7105298361927
N137_BC01	N194_BC12	90.04	4587206	36718	99.1995563312395	80.57	4104726	12593	99.6932072932517
N137_BC01	N195_BC10	91.37	4645815	35171	99.2429530663619	82.35	4187055	12232	99.7078614921466
N137_BC01	N197_BC12	91.24	4618825	36372	99.2125269955021	81.55	4128245	11842	99.7131468699169
N137_BC01	N200_BC07	88.96	4531741	42561	99.0608245263796	76.84	3914141	11680	99.7015948071365
N137_BC01	N201_BC03	90.40	4605441	42795	99.0707730269479	78.06	3976761	11360	99.7143403890754
N137_BC01	N214_BC11	92.05	4689544	35901	99.234445822451	82.76	4216364	12241	99.7096787658751
N137_BC01	N215_BC08	90.28	4644389	38606	99.1687604117571	79.98	4114649	12118	99.7054912824885
N137_BC01	N215_BC09	91.32	4650604	34866	99.2502909299523	82.42	4197164	12193	99.7094943156855
N137_BC01	N216_BC03	99.48	5067818	7710	99.8478635183821	97.26	4954758	2056	99.9585045324111
N137_BC01	N222_BC10	92.56	4715300	38647	99.1803914915276	82.21	4187940	12278	99.7068248351218
N137_BC01	N225_BC01	99.96	5092568	8427	99.8345235645356	97.50	4967188	2157	99.9565750279635
N137_BC01	N225_BC04	90.68	4619822	37318	99.1922199599898	80.72	4112422	11947	99.7094899307513
N137_BC01	N225_BC12	89.68	4570610	38279	99.1624969096029	79.32	4042530	11874	99.706273051777
N137_BC01	N229_BC03	99.90	5089220	7789	99.8469510062446	97.63	4973580	2006	99.9596668797928
N137_BC01	N233_BC07	99.62	5075057	8293	99.8365929683154	97.18	4950877	2083	99.9579266461275
N137_BC01	N237_BC04	88.17	4491746	34793	99.2254014363234	79.32	4040686	12239	99.6971058874656
N137_BC02	N137_BC03	99.97	5239723	5919	99.8870360131633	98.37	5155663	1715	99.9667356070403
N137_BC02	N137_BC04	91.75	4665323	37124	99.2042565970245	81.91	4165083	12111	99.7092254824214
N137_BC02	N150_BC07	96.53	4630115	11589	99.7497038410493	92.77	4449855	2575	99.942132945905
N137_BC02	N154_BC03	92.03	4824022	39005	99.1914423275847	82.00	4298122	12709	99.704312720765
N137_BC02	N157_BC05	93.71	4776830	35429	99.258315661223	84.94	4329550	13064	99.6982596343731
N137_BC02	N161_BC11	92.21	4728150	39613	99.1621881708491	81.85	4197050	13057	99.6889005372821
N137_BC02	N161_BC12	92.31	4547728	41420	99.0892155379565	80.60	3970668	12566	99.6835293205073
N137_BC02	N182_BC09	92.38	4713372	38235	99.1887973196259	82.29	4198332	12482	99.7026914498425
N137_BC02	N194_BC12	91.34	4765690	36888	99.2259672786102	82.26	4291890	13197	99.6925130886393
N137_BC02	N195_BC10	93.72	4765186	35493	99.2551602392855	84.87	4315006	12983	99.6991197694743
N137_BC02	N197_BC12	93.53	4734808	36211	99.2352171408006	84.18	4261268	12533	99.7058856659567
N137_BC02	N200_BC07	89.24	4677460	43503	99.0699439439354	77.37	4055340	12396	99.6943289588543
N137_BC02	N201_BC03	91.19	4750251	43251	99.0895007442765	79.17	4123891	11932	99.7106616057505
N137_BC02	N214_BC11	92.24	4834811	35975	99.2559171392636	83.50	4376831	13075	99.7012678808023
N137_BC02	N215_BC08	92.27	4747139	38739	99.183950585816	82.18	4227879	12775	99.6978390346554
N137_BC02	N215_BC09	93.59	4765870	35230	99.2607855438776	84.85	4320870	12979	99.699620678243
N137_BC02	N216_BC03	99.50	5215503	6438	99.8765603240953	97.75	5123863	1855	99.9637968462467
N137_BC02	N222_BC10	92.77	4893103	38999	99.2029801947762	82.94	4374663	13076	99.7010969759271
N137_BC02	N225_BC01	99.97	5239851	7279	99.8610838361625	97.96	5134591	2015	99.9607563679366
N137_BC02	N225_BC04	91.24	4807822	37481	99.2204162300518	81.75	4307822	12480	99.7102944364925
N137_BC02	N225_BC12	91.83	4680584	38651	99.1742269768046	81.60	4158944	12568	99.6978079050836
N137_BC02	N229_BC03	99.90	5236250	6286	99.8799522559083	98.17	5145590	1752	99.965951426367
N137_BC02	N233_BC07	99.63	5222122	6997	99.8660123221939	97.70	5121182	1949	99.9619423797084
N137_BC02	N237_BC04	89.52	4675017	35082	99.2495856164801	81.06	4233077	12984	99.6932727658864
N137_BC03	N137_BC04	93.27	4742438	35940	99.2421619428657	84.18	4280358	12835	99.7001419040183
N137_BC03	N150_BC07	99.99	4796011	10113	99.7891372642807	96.86	4645931	2608	99.9438648572267
N137_BC03	N154_BC03	92.04	4871230	38032	99.2192526322921	82.72	4378190	13379	99.6944170993036
N137_BC03	N157_BC05	94.68	4826209	33944	99.2966736417756	86.75	4421869	13726	99.6895882713848
N137_BC03	N161_BC11	93.07	4772020	38492	99.1933814191894	83.43	4277600	13770	99.6780905180475
N137_BC03	N161_BC12	93.19	4591119	40358	99.1209550438575	82.18	4048519	13227	99.6732879356624
N137_BC03	N182_BC09	93.36	4763232	37462	99.2135172084837	83.83	4277072	13153	99.6924765353494
N137_BC03	N194_BC12	92.28	4814741	35475	99.2632002427545	84.03	4384261	13950	99.6818163882123
N137_BC03	N195_BC10	94.69	4814549	34205	99.2895492391915	86.65	4405549	13754	99.6878028141328
N137_BC03	N197_BC12	94.48	4782954	35397	99.2599343418314	85.72	4339514	13224	99.6952654145142
N137_BC03	N200_BC07	89.65	4837306	42413	99.1232103158246	78.75	4249026	12998	99.6940945995623
N137_BC03	N201_BC03	92.16	4800825	42280	99.1193180338796	80.74	4205985	12537	99.701924757221
N137_BC03	N214_BC11	92.14	4923951	34723	99.2948142660234	84.27	4503231	13686	99.6960848777245
N137_BC03	N215_BC08	93.13	4791367	37931	99.2083470124497	83.63	4302847	13504	99.6861612787998
N137_BC03	N215_BC09	94.56	4815228	33896	99.2960665621649	86.61	4410368	13652	99.6904566693754
N137_BC03	N216_BC03	99.50	5428622	4630	99.9147113208472	98.41	5369302	1663	99.9690276315245
N137_BC03	N222_BC10	93.69	4941601	37896	99.2331230303701	84.55	4459581	13794	99.6906884301462
N137_BC03	N225_BC01	99.96	5453892	5335	99.9021799478244	98.67	5383592	1819	99.9662121498063
N137_BC03	N225_BC04	92.04	4849814	36346	99.2505691970867	83.26	4386974	13203	99.6990408422753
N137_BC03	N225_BC12	93.29	4754960	37731	99.2064917475647	83.76	4269060	13435	99.685293718055
N137_BC03	N229_BC03	99.81	5445327	4757	99.9126406917344	98.66	5382487	1614	99.970013861622
N137_BC03	N233_BC07	98.84	5392481	5670	99.8948535933645	97.42	5315201	1805	99.9660407950706
N137_BC03	N237_BC04	90.96	4750123	34134	99.2814080814328	83.17	4343443	13799	99.6823027262013
N137_BC04	N150_BC07	87.17	4181095	38031	99.0904057429932	75.89	3639855	10968	99.6986693151238
N137_BC04	N154_BC03	91.71	4663041	40097	99.1401104987067	80.93	4114921	12690	99.691610118396
N137_BC04	N157_BC05	92.28	4692044	37321	99.2045897267801	82.69	4204464	12941	99.6922080912097
N137_BC04	N161_BC11	90.62	4607838	37172	99.1932876112398	80.96	4116718	12615	99.6935665741496
N137_BC04	N161_BC12	90.16	4441797	38738	99.1278754972368	79.29	3906137	11954	99.6939687471279
N137_BC04	N182_BC09	89.22	4552305	38429	99.1558342422136	78.99	4030225	12324	99.6942106209951
N137_BC04	N194_BC12	91.69	4661909	34725	99.2551334657112	82.96	4217909	12524	99.7030756234902
N137_BC04	N195_BC10	92.21	4688547	37407	99.2021622050499	82.59	4199347	12946	99.691713973625
N137_BC04	N197_BC12	90.37	4574691	37751	99.1747857942755	80.39	4069271	12479	99.6933357350739
N137_BC04	N200_BC07	91.55	4654786	45586	99.020663893034	78.47	3989906	12341	99.6906944674887
N137_BC04	N201_BC03	91.00	4626989	45406	99.018670673304	77.98	3964729	12292	99.6899661994553
N137_BC04	N214_BC11	91.91	4673235	36005	99.2295486959248	82.74	4207215	12703	99.6980662980142
N137_BC04	N215_BC08	90.52	4602790	36230	99.2128687165828	81.11	4124390	12309	99.7015558664433
N137_BC04	N215_BC09	92.11	4690532	37159	99.2077870911018	82.61	4206832	12973	99.6916206779829
N137_BC04	N216_BC03	92.82	4719540	36847	99.2192671319662	83.45	4242920	13015	99.6932537026388
N137_BC04	N222_BC10	92.43	4699487	39384	99.1619510810435	82.04	4171447	12981	99.6888130186
N137_BC04	N225_BC01	93.31	4744445	37420	99.2112881485611	83.67	4254365	12915	99.6964294318894
N137_BC04	N225_BC04	91.31	4642865	39958	99.139367610301	80.69	4102945	12961	99.6841049538807
N137_BC04	N225_BC12	99.57	5074691	9999	99.8029633725482	96.64	4925311	2529	99.9486529886133
N137_BC04	N229_BC03	93.29	4743498	37034	99.2192681434671	83.84	4262798	12998	99.6950829009491
N137_BC04	N233_BC07	93.02	4729546	37206	99.2133282983187	83.50	4245646	13010	99.693568422803
N137_BC04	N237_BC04	90.69	4611496	36825	99.2014521968576	81.30	4134216	12960	99.6865185563599
N150_BC07	N154_BC03	90.15	4324087	40664	99.0595933893097	78.14	3747947	11856	99.6836668181274
N150_BC07	N157_BC05	88.66	4252370	37847	99.1099786707177	78.03	3742470	12351	99.6699773144474
N150_BC07	N161_BC11	88.01	4221611	41495	99.0170813938091	75.81	3636551	12241	99.6633898438383
N150_BC07	N161_BC12	84.58	4056932	42823	98.944448662191	71.58	3433452	11648	99.6607495896258
N150_BC07	N182_BC09	86.51	4149588	38591	99.0700040582342	75.40	3616588	11940	99.6698545701086
N150_BC07	N194_BC12	88.85	4261747	39429	99.0748160320169	77.66	3725187	12600	99.6617619464472
N150_BC07	N195_BC10	88.46	4243028	38350	99.0961643430116	77.65	3724348	12415	99.6666530624958
N150_BC07	N197_BC12	89.37	4286458	39498	99.078539904042	78.07	3744278	12388	99.6691484980549
N150_BC07	N200_BC07	87.46	4195178	44458	98.9402595074631	73.81	3540318	11714	99.6691257677983
N150_BC07	N201_BC03	88.81	4259953	44416	98.9573593887069	75.00	3597473	11291	99.6861407993889
N150_BC07	N214_BC11	90.38	4335157	38339	99.115626031537	79.60	3817997	12480	99.6731270349348
N150_BC07	N215_BC08	87.56	4199635	41124	99.0207720432847	75.47	3619555	12119	99.6651798356428
N150_BC07	N215_BC09	88.41	4240431	37822	99.1080623644153	77.79	3730891	12344	99.669140695882
N150_BC07	N216_BC03	99.42	4768540	11879	99.750888112504	95.84	4596940	3298	99.9282566228839
N150_BC07	N222_BC10	90.42	4337190	39402	99.0915316137868	79.27	3802470	12665	99.6669270237503
N150_BC07	N225_BC01	99.95	4794194	12686	99.7353882633869	96.08	4608654	3408	99.9260521618676
N150_BC07	N225_BC04	89.06	4271663	39224	99.0817627701436	77.66	3724983	11889	99.6808307581538
N150_BC07	N225_BC12	87.05	4175403	40416	99.0320455294974	75.14	3604083	11849	99.6712339865647
N150_BC07	N229_BC03	99.77	4785535	12108	99.7469875363988	96.11	4609775	3319	99.9280008243352
N150_BC07	N233_BC07	98.76	4736869	12874	99.7282170986785	94.82	4547849	3422	99.9247556372254
N150_BC07	N237_BC04	86.84	4165064	37238	99.1059441103426	76.51	3669404	12454	99.660598832944
N154_BC03	N157_BC05	94.38	4811025	41357	99.1403702953113	83.77	4270125	14311	99.6648575861362
N154_BC03	N161_BC11	92.86	4761418	44544	99.0644803711835	81.03	4154838	14214	99.6578927987084
N154_BC03	N161_BC12	92.87	4575112	47348	98.965096373597	79.22	3902772	13730	99.6481987674402
N154_BC03	N182_BC09	91.93	4690354	42879	99.08580461091	80.59	4111534	13937	99.6610267603284
N154_BC03	N194_BC12	92.91	4847603	43900	99.0943977879377	81.69	4262303	14634	99.6566644839656
N154_BC03	N195_BC10	94.39	4799520	41744	99.1302463579691	83.66	4253800	14457	99.6601391696836
N154_BC03	N197_BC12	93.50	4733334	43581	99.0792747775669	81.90	4146234	14225	99.6569175786991
N154_BC03	N200_BC07	89.01	4710688	49535	98.9484550876645	75.35	3987848	13392	99.6641797781661
N154_BC03	N201_BC03	92.10	4797865	47921	99.0012015761177	78.64	4096705	12862	99.6860403665873
N154_BC03	N214_BC11	99.95	5289754	10789	99.7960396646044	97.18	5143394	3470	99.9325348203929
N154_BC03	N215_BC08	92.88	4778306	44506	99.0685820456036	81.12	4173126	14246	99.65862521285
N154_BC03	N215_BC09	94.29	4801612	41354	99.1387475706075	83.68	4261392	14342	99.663443306788
N154_BC03	N216_BC03	91.57	4846327	40108	99.1724041733049	81.87	4333107	14446	99.6666133561899
N154_BC03	N222_BC10	92.20	4862900	43786	99.0995907791647	81.17	4281020	14691	99.6568341189716
N154_BC03	N225_BC01	92.04	4871516	40614	99.1662964875821	82.09	4345056	14290	99.6711204642702
N154_BC03	N225_BC04	91.95	4845121	42316	99.1266265589652	81.00	4268021	13460	99.6846313549066
N154_BC03	N225_BC12	91.84	4680821	42858	99.0843913920229	80.50	4102621	13947	99.6600465897289
N154_BC03	N229_BC03	91.99	4868577	40457	99.1690179697271	82.21	4351097	14582	99.6648661245658
N154_BC03	N233_BC07	91.72	4854428	40588	99.1638973736968	81.82	4330608	14396	99.6675755459741
N154_BC03	N237_BC04	89.37	4667370	38994	99.1645402014411	79.91	4173390	14294	99.657496663384
N157_BC05	N161_BC11	92.56	4718270	37563	99.2038819313011	83.58	4260590	14678	99.6554937227004
N157_BC05	N161_BC12	91.49	4506907	39179	99.1306898500457	81.28	4004067	14036	99.6494564151898
N157_BC05	N182_BC09	91.72	4679854	37248	99.204077734049	82.72	4220454	14277	99.6617188577343
N157_BC05	N194_BC12	92.50	4715136	36197	99.2323233094443	84.28	4296076	15243	99.6451878411834
N157_BC05	N195_BC10	99.93	5080784	6258	99.8768300325304	98.55	5010544	2745	99.9452155294914
N157_BC05	N197_BC12	93.12	4714085	37527	99.2039388343655	84.00	4252525	14448	99.6602489109411
N157_BC05	N200_BC07	93.65	4773581	46134	99.033555731012	81.05	4131561	14032	99.660370499189
N157_BC05	N201_BC03	93.52	4767283	46250	99.0298457213469	80.82	4119923	13881	99.6630762273955
N157_BC05	N214_BC11	94.59	4821770	38494	99.201662460051	85.39	4352650	15037	99.6545322964171
N157_BC05	N215_BC08	92.19	4699585	36843	99.216037160728	83.41	4252045	14465	99.6598107498862
N157_BC05	N215_BC09	99.81	5083002	5768	99.8865237511219	98.52	5017182	2476	99.9506495877566
N157_BC05	N216_BC03	94.19	4801312	37464	99.2197132783706	85.48	4357092	15252	99.6499500125313
N157_BC05	N222_BC10	95.42	4863820	37741	99.2240461201278	86.50	4409200	15009	99.6595981130364
N157_BC05	N225_BC01	94.67	4825831	37812	99.2164665526	85.69	4368291	14934	99.6581271714728
N157_BC05	N225_BC04	93.82	4782299	39835	99.1670324251997	83.95	4279419	14690	99.6567291027123
N157_BC05	N225_BC12	92.34	4706512	41255	99.1234485325863	81.82	4170372	14447	99.6535800643204
N157_BC05	N229_BC03	94.62	4822987	37615	99.2200891273395	85.89	4378247	15377	99.6487863750035
N157_BC05	N233_BC07	94.33	4808461	37811	99.2136569268213	85.43	4354801	15127	99.6526362513465
N157_BC05	N237_BC04	92.60	4720382	37442	99.2068014834393	83.88	4276022	15223	99.6439915416712
N161_BC11	N161_BC12	99.50	4901681	15021	99.6935541092944	95.34	4696661	4769	99.8984597781275
N161_BC11	N182_BC09	89.65	4574152	41625	99.0899952603237	78.87	4024312	14132	99.6488343846103
N161_BC11	N194_BC12	91.81	4707270	38151	99.1895302372713	82.69	4239830	14778	99.6514482892003
N161_BC11	N195_BC10	92.56	4706220	38194	99.1884357297364	83.36	4238320	14798	99.6508522244663
N161_BC11	N197_BC12	91.44	4629076	42239	99.0875284830061	80.47	4073556	14462	99.6449784905375
N161_BC11	N200_BC07	90.65	4648204	50123	98.9216695308554	76.45	3920224	13723	99.6499434726179
N161_BC11	N201_BC03	92.00	4717186	49602	98.9484832694746	78.08	4003306	13907	99.6526121160861
N161_BC11	N214_BC11	93.07	4772242	43144	99.0959385546668	82.18	4213662	15214	99.6389363930947
N161_BC11	N215_BC08	99.50	5118688	11134	99.7824833238517	96.63	4970788	3738	99.9248006553488
N161_BC11	N215_BC09	92.43	4707124	37568	99.2018905811702	83.49	4251884	14805	99.6518014132088
N161_BC11	N216_BC03	92.59	4747458	41930	99.1167905013588	82.11	4209878	15050	99.6425074550854
N161_BC11	N222_BC10	92.25	4730109	42408	99.1034456077016	81.56	4182089	15006	99.6411841067945
N161_BC11	N225_BC01	93.09	4772815	42537	99.1087649531775	82.24	4216675	14729	99.6506963424973
N161_BC11	N225_BC04	92.23	4729009	45087	99.0465867161598	80.43	4123829	14827	99.6404555087032
N161_BC11	N225_BC12	90.69	4622131	41283	99.1068405460598	79.86	4070231	13687	99.6637291593524
N161_BC11	N229_BC03	93.01	4768954	41830	99.1228684529144	82.58	4234014	15082	99.643789557616
N161_BC11	N233_BC07	92.73	4754469	42142	99.1136339305188	82.12	4210449	14940	99.6451684844063
N161_BC11	N237_BC04	89.76	4602484	39796	99.1353364835163	80.01	4102684	14805	99.6391386711723
N161_BC12	N182_BC09	88.41	4355404	43219	99.007692512566	76.34	3760704	13483	99.6414767022345
N161_BC12	N194_BC12	91.78	4521672	40066	99.1139118449989	81.23	4001672	14065	99.6485219178383
N161_BC12	N195_BC10	91.30	4497595	39573	99.1201297582375	80.91	3985735	13979	99.6492742242021
N161_BC12	N197_BC12	88.97	4382758	43730	99.0022264519282	76.80	3783298	13756	99.6364018906256
N161_BC12	N200_BC07	90.51	4459009	51275	98.8500808139208	74.92	3691009	12874	99.6512064858146
N161_BC12	N201_BC03	92.00	4532135	51255	98.8690760535598	76.56	3771715	13233	99.6491516458693
N161_BC12	N214_BC11	93.03	4582982	45250	99.0126515879835	80.54	3967442	14472	99.6352309624186
N161_BC12	N215_BC08	99.04	4879154	14766	99.6973655678833	94.83	4671634	4389	99.906050003061
N161_BC12	N215_BC09	91.24	4494665	39135	99.1293010713813	81.02	3991265	13964	99.6501359844561
N161_BC12	N216_BC03	92.70	4566524	43571	99.0458607028015	80.87	3983944	14441	99.6375200053013
N161_BC12	N222_BC10	92.18	4540925	44289	99.0246700837384	80.05	3943265	14405	99.6346935851382
N161_BC12	N225_BC01	93.20	4591510	44293	99.0353282471344	80.95	3988130	14123	99.6458741314852
N161_BC12	N225_BC04	92.18	4541144	46079	98.9852997394489	79.16	3899824	14012	99.6407017342321
N161_BC12	N225_BC12	90.14	4440466	42527	99.0422852015982	78.15	3850046	13005	99.6622118281184
N161_BC12	N229_BC03	93.13	4588141	43716	99.0471958032676	81.25	4003001	14458	99.6388209745638
N161_BC12	N233_BC07	92.84	4573662	44079	99.0362427306609	80.76	3978562	14323	99.6399955561834
N161_BC12	N237_BC04	89.82	4424639	41745	99.0565331996577	78.56	3869839	14004	99.638124480114
N182_BC09	N194_BC12	89.71	4577092	38842	99.1513825809051	80.33	4098452	14909	99.636228507739
N182_BC09	N195_BC10	91.71	4663108	37021	99.2060874421094	82.87	4213508	14540	99.654919368849
N182_BC09	N197_BC12	96.01	4859991	7190	99.8520573392008	94.44	4780611	3220	99.9326445929192
N182_BC09	N200_BC07	90.46	4615460	44795	99.0294575188605	78.31	3995320	13787	99.6549212578717
N182_BC09	N201_BC03	91.41	4664034	45804	99.017931687462	78.81	4021114	13657	99.6603677488378
N182_BC09	N214_BC11	92.20	4704372	39198	99.1667750764608	82.68	4218812	14919	99.646369641501
N182_BC09	N215_BC08	89.22	4551971	40674	99.1064530068403	78.89	4025191	14334	99.6438926749066
N182_BC09	N215_BC09	91.55	4662398	36770	99.2113500391858	82.86	4219898	14644	99.6529773942403
N182_BC09	N216_BC03	92.86	4738104	38877	99.17948191935	83.54	4262784	15110	99.6455368135003
N182_BC09	N222_BC10	99.87	5095732	6556	99.8713433124034	98.48	5024632	3000	99.9402941349735
N182_BC09	N225_BC01	93.36	4763185	39298	99.1749638109794	83.79	4274705	14873	99.6520695580163
N182_BC09	N225_BC04	91.85	4686335	39560	99.1558435323126	81.96	4181955	14340	99.6570981753749
N182_BC09	N225_BC12	89.26	4554045	40690	99.1065086093791	78.81	4020865	14030	99.6510701055619
N182_BC09	N229_BC03	93.29	4760038	38974	99.1812250238338	83.94	4283198	15131	99.6467359202166
N182_BC09	N233_BC07	93.02	4745813	39468	99.168361669539	83.43	4256553	15004	99.6475082067579
N182_BC09	N237_BC04	89.44	4563555	36097	99.2090157782693	81.09	4137475	14792	99.6424872657841
N194_BC12	N195_BC10	92.55	4705909	36311	99.2283956192098	84.42	4292469	15638	99.6356875262233
N194_BC12	N197_BC12	91.38	4626032	40279	99.1292969871371	81.50	4125732	15263	99.630053527471
N194_BC12	N200_BC07	89.01	4644093	47185	98.9839781416953	76.48	3990373	14498	99.6366755689255
N194_BC12	N201_BC03	90.87	4741571	48890	98.9689071406924	77.78	4058691	14745	99.6367055289501
N194_BC12	N214_BC11	93.13	4859328	41054	99.1551506710393	83.54	4358828	16028	99.6322864770071
N194_BC12	N215_BC08	91.88	4726701	37235	99.2122412651022	83.18	4279141	14856	99.6528275184202
N194_BC12	N215_BC09	92.40	4705674	35872	99.2376862485587	84.49	4302914	15733	99.634364061192
N194_BC12	N216_BC03	91.81	4790211	38919	99.1875305701565	83.08	4334911	16153	99.6273741260201
N194_BC12	N222_BC10	91.37	4767669	40077	99.1594005372437	82.13	4285389	15962	99.6275250624856
N194_BC12	N225_BC01	92.30	4815910	39408	99.1817122828292	83.22	4341890	15706	99.6382681274744
N194_BC12	N225_BC04	91.13	4754715	43258	99.0902083510789	80.51	4200515	15547	99.6298787172525
N194_BC12	N225_BC12	91.71	4674094	38669	99.1726952859741	82.14	4186374	14282	99.6588455785365
N194_BC12	N229_BC03	92.34	4817830	39179	99.1867915638368	83.54	4358490	16211	99.6280592590553
N194_BC12	N233_BC07	92.06	4803548	39350	99.1808138484304	83.12	4337048	16024	99.6305321038642
N194_BC12	N237_BC04	89.42	4670062	38178	99.182494793431	80.94	4227122	16030	99.6207821775667
N195_BC10	N197_BC12	92.93	4704330	37257	99.2080274980709	84.12	4258230	14951	99.6488916756493
N195_BC10	N200_BC07	93.65	4761827	45717	99.0399273220132	81.38	4137987	14524	99.649008080499
N195_BC10	N201_BC03	93.51	4754759	45932	99.0339783782943	81.08	4122699	14328	99.6524606817039
N195_BC10	N214_BC11	94.61	4810214	38219	99.2054615449541	85.68	4355954	15505	99.6440504192652
N195_BC10	N215_BC08	92.19	4687592	37049	99.2096368455275	83.48	4244652	14901	99.6489464860723
N195_BC10	N215_BC09	99.68	5068255	5701	99.8875155255606	98.53	5009615	2768	99.9447462529556
N195_BC10	N216_BC03	94.20	4789602	37253	99.222210947799	85.71	4357742	15659	99.6406625266021
N195_BC10	N222_BC10	95.41	4851083	37450	99.2280074366899	86.79	4412983	15544	99.6477666014122
N195_BC10	N225_BC01	94.68	4814123	37759	99.215661918069	85.89	4367063	15405	99.6472457576179
N195_BC10	N225_BC04	93.82	4770044	39741	99.1668630310328	84.14	4278124	15144	99.6460130655399
N195_BC10	N225_BC12	92.26	4691117	41113	99.1235989211098	81.87	4162577	14685	99.6472137332234
N195_BC10	N229_BC03	94.63	4811293	37496	99.2206668768666	86.07	4376073	15734	99.640453895536
N195_BC10	N233_BC07	94.34	4796756	37756	99.2128847079151	85.63	4353956	15615	99.641360638463
N195_BC10	N237_BC04	92.65	4711031	37516	99.203656269721	84.09	4275791	15753	99.6315769409683
N197_BC12	N200_BC07	92.01	4657794	44339	99.0480686780051	80.08	4053694	14133	99.6513550356786
N197_BC12	N201_BC03	92.92	4703947	45216	99.0387646799592	80.58	4079067	13971	99.6574952066245
N197_BC12	N214_BC11	93.78	4747342	39475	99.1684820684922	84.19	4261842	15199	99.6433701671719
N197_BC12	N215_BC08	91.01	4607228	41571	99.0977003959865	80.41	4070448	14731	99.6380988038663
N197_BC12	N215_BC09	92.87	4701499	37238	99.2079547395416	84.08	4256359	14980	99.6480560027949
N197_BC12	N216_BC03	94.00	4758422	36940	99.2236922240188	85.45	4325422	15289	99.6465315985354
N197_BC12	N222_BC10	99.87	5055623	6376	99.8738830011652	98.56	4989323	3060	99.9386690338549
N197_BC12	N225_BC01	94.48	4782855	37342	99.2192529357465	85.62	4334555	14926	99.6556509261043
N197_BC12	N225_BC04	93.17	4716349	38993	99.1732376039178	83.56	4229729	14661	99.6533820488263
N197_BC12	N225_BC12	90.41	4576883	39914	99.1279217755839	80.27	4063563	14247	99.6493963548738
N197_BC12	N229_BC03	94.41	4779243	36911	99.2276810365156	85.92	4349703	15433	99.6451941661304
N197_BC12	N233_BC07	94.13	4765097	37320	99.2168050304118	85.41	4323597	15244	99.6474231987856
N197_BC12	N237_BC04	90.73	4592857	35795	99.2206376118394	82.54	4178417	15072	99.6392892332192
N200_BC07	N201_BC03	90.32	4705170	53490	98.8631654116642	74.95	3904230	13442	99.6557067590793
N200_BC07	N214_BC11	89.10	4761712	45745	99.0393161115162	77.37	4134792	14398	99.6517841768099
N200_BC07	N215_BC08	90.68	4664993	49199	98.945357474277	76.92	3956953	13796	99.6513478931895
N200_BC07	N215_BC09	93.53	4762814	45961	99.0350032564782	81.14	4131834	14411	99.6512202571546
N200_BC07	N216_BC03	89.23	4814684	44516	99.0754118027268	78.16	4217264	14644	99.652760652404
N200_BC07	N222_BC10	90.87	4792962	46232	99.0354190164662	78.91	4161962	14681	99.6472577116274
N200_BC07	N225_BC01	89.75	4842605	44673	99.0775006427326	78.56	4239045	14494	99.658083365475
N200_BC07	N225_BC04	90.28	4757140	48780	98.9745939787351	77.19	4067420	14293	99.6485978826873
N200_BC07	N225_BC12	91.63	4670246	47976	98.9727307726402	78.25	3988106	13868	99.6522660129896
N200_BC07	N229_BC03	89.89	4849958	44903	99.0741569308435	78.70	4245978	14703	99.6537193551168
N200_BC07	N233_BC07	89.62	4835854	45130	99.0667625614835	78.33	4226874	14680	99.6526984244148
N200_BC07	N237_BC04	90.45	4723841	45847	99.0294550557481	78.47	4098141	14561	99.6446925569423
N201_BC03	N214_BC11	92.30	4808116	44022	99.0844230879621	80.75	4206216	13926	99.6689185719421
N201_BC03	N215_BC08	92.01	4733373	48820	98.9686001927167	78.49	4037733	14037	99.6523544275959
N201_BC03	N215_BC09	93.38	4755160	45985	99.0329452636715	80.97	4123100	14381	99.6512090417404
N201_BC03	N216_BC03	91.75	4779662	44114	99.0770477075576	80.28	4182122	14236	99.659598643942
N201_BC03	N222_BC10	92.53	4820317	46996	99.0250433737034	80.07	4171397	14549	99.6512199630004
N201_BC03	N225_BC01	92.24	4804725	44225	99.0795518994323	80.67	4202025	14089	99.6647092770747
N201_BC03	N225_BC04	99.59	5187789	12932	99.7507223212046	96.30	5016649	4374	99.9128103241825
N201_BC03	N225_BC12	91.08	4642056	46598	98.9961775558072	78.21	3986056	13797	99.6538683851908
N201_BC03	N229_BC03	92.42	4814227	44923	99.0668699253276	80.70	4203707	14396	99.6575403566424
N201_BC03	N233_BC07	92.13	4799120	44772	99.0670789644768	80.40	4188060	14218	99.6605110719522
N201_BC03	N237_BC04	89.74	4686378	44078	99.0594442018975	78.40	4094358	14476	99.6464402966228
N214_BC11	N215_BC08	93.09	4789047	42258	99.117611499741	82.72	4255387	15574	99.6340168356016
N214_BC11	N215_BC09	94.50	4812310	38383	99.2023996791562	85.58	4358050	15669	99.6404584619268
N214_BC11	N216_BC03	91.67	4899195	35828	99.2686961837608	84.14	4496535	15694	99.6509756957302
N214_BC11	N222_BC10	92.47	4877299	39727	99.1854713028666	83.39	4398459	15784	99.6411470471818
N214_BC11	N225_BC01	92.14	4924048	36376	99.2612582168167	84.28	4504048	15375	99.6586404052532
N214_BC11	N225_BC04	92.15	4855557	38089	99.2155585857606	83.20	4383777	14499	99.6692578112436
N214_BC11	N225_BC12	92.06	4691857	38955	99.1697317288229	82.59	4209117	14817	99.6479784239782
N214_BC11	N229_BC03	92.09	4921431	36096	99.2665547886377	84.47	4514251	15736	99.6514150409448
N214_BC11	N233_BC07	91.82	4907201	36643	99.2532810455492	83.97	4487481	15656	99.6511182999995
N214_BC11	N237_BC04	89.59	4678466	34624	99.2599283611338	82.25	4295206	15460	99.6400638293018
N215_BC08	N215_BC09	92.15	4692504	36466	99.2228882490031	83.75	4264824	15081	99.646386345603
N215_BC08	N216_BC03	92.65	4766403	41173	99.1361829874646	82.63	4250783	15391	99.6379255304258
N215_BC08	N222_BC10	92.33	4749738	41540	99.1254254445193	82.17	4227218	15413	99.6353866774791
N215_BC08	N225_BC01	93.14	4791791	41592	99.1320155657874	82.78	4258571	14930	99.6494129133928
N215_BC08	N225_BC04	92.31	4748815	44072	99.0719368937303	80.96	4165015	14881	99.642714371977
N215_BC08	N225_BC12	90.59	4616967	40015	99.1333054795497	80.27	4090847	13708	99.6649104696411
N215_BC08	N229_BC03	93.07	4788042	41271	99.138040142505	83.09	4274562	15596	99.6351439048024
N215_BC08	N233_BC07	92.79	4773749	41089	99.1392718804445	82.76	4257669	15284	99.6410242318038
N215_BC08	N237_BC04	89.88	4624189	39064	99.1552248405072	80.60	4146949	15201	99.633441356525
N215_BC09	N216_BC03	94.06	4790153	37107	99.2253483343851	85.71	4364713	15834	99.6372270066783
N215_BC09	N222_BC10	95.27	4851662	37488	99.2273163299504	86.67	4413742	15591	99.64676231642
N215_BC09	N225_BC01	94.55	4814865	37502	99.221120426014	85.81	4369745	15245	99.6511238069956
N215_BC09	N225_BC04	93.67	4770138	39874	99.1640912694769	83.95	4275238	15128	99.6461483547816
N215_BC09	N225_BC12	92.16	4693043	41232	99.1214229232504	81.75	4162983	14728	99.646215225957
N215_BC09	N229_BC03	94.49	4811827	37190	99.2271126954481	86.14	4386507	15923	99.6370004652905
N215_BC09	N233_BC07	94.21	4797438	37466	99.2190414967322	85.64	4361278	15657	99.6409997253099
N215_BC09	N237_BC04	92.54	4712632	37432	99.205709251221	84.11	4283412	15970	99.6271663804462
N216_BC03	N222_BC10	93.21	4916325	39148	99.2037141564075	84.37	4449865	15824	99.6443937063259
N216_BC03	N225_BC01	99.87	5700517	6353	99.8885539679998	98.73	5635677	3110	99.9448158579706
N216_BC03	N225_BC04	91.64	4828620	37535	99.2226557484333	83.04	4375660	14886	99.6597998930447
N216_BC03	N225_BC12	92.85	4732434	38887	99.1782875366038	83.42	4251594	14844	99.6508603596675
N216_BC03	N229_BC03	99.73	5692393	5522	99.9029933456808	98.82	5640413	2922	99.9481952828632
N216_BC03	N233_BC07	98.79	5439105	5898	99.8915630420814	97.69	5378465	2865	99.9467320136879
N216_BC03	N237_BC04	90.62	4732317	35219	99.2557768213752	83.14	4341897	15697	99.6384759933273
N222_BC10	N225_BC01	93.69	4941571	39848	99.1936167668136	84.43	4452991	15418	99.6537608093077
N222_BC10	N225_BC04	92.42	4870186	40283	99.1728652663369	82.89	4367926	15169	99.6527184755419
N222_BC10	N225_BC12	92.57	4718158	41616	99.117960865236	82.11	4185118	14963	99.6424712517066
N222_BC10	N229_BC03	93.63	4938410	39211	99.205999501864	84.79	4472390	15909	99.6442841523212
N222_BC10	N233_BC07	93.36	4923980	39748	99.1927668268352	84.28	4445160	15806	99.6444222480181
N222_BC10	N237_BC04	90.90	4747301	36409	99.2330589528661	82.94	4331781	15632	99.6391322645351
N225_BC01	N225_BC04	92.14	4855035	38179	99.2136204991313	83.28	4388135	14833	99.6619748480847
N225_BC01	N225_BC12	93.34	4757444	39553	99.1686081854038	83.62	4262204	14790	99.6529964309545
N225_BC01	N229_BC03	99.82	5673159	6332	99.8883866995443	98.67	5608059	3076	99.9451503630757
N225_BC01	N233_BC07	99.25	5464606	6509	99.880888027426	97.98	5394586	3007	99.9442589292302
N225_BC01	N237_BC04	91.10	4757702	35679	99.2500791348428	83.37	4353802	15483	99.6443797857597
N225_BC04	N225_BC12	91.44	4660474	42084	99.0970017212841	80.61	4108694	14494	99.6472358369837
N225_BC04	N229_BC03	92.30	4863419	38511	99.2081496576791	83.40	4394359	15057	99.6573561695801
N225_BC04	N233_BC07	92.00	4847928	38742	99.2008544681357	82.96	4371448	14917	99.6587629545176
N225_BC04	N237_BC04	89.97	4698554	37808	99.1953269027024	81.27	4244054	15082	99.6446322313524
N225_BC12	N229_BC03	93.33	4756671	39322	99.1733294146263	83.79	4270551	15015	99.6484060253583
N225_BC12	N233_BC07	93.05	4742493	39064	99.1762982043411	83.49	4255433	14710	99.6543242485547
N225_BC12	N237_BC04	90.76	4625938	39084	99.1551118929826	81.27	4142198	14896	99.6403841631907
N229_BC03	N233_BC07	99.81	5495662	5963	99.8914962383058	98.69	5434182	2888	99.9468549268317
N229_BC03	N237_BC04	91.19	4762509	35776	99.2487993198543	83.54	4362989	15799	99.6378858621922
N233_BC07	N237_BC04	90.86	4745158	36185	99.2374331897905	83.03	4336318	15742	99.6369731186689
